"Index" "TGT.Open" "TGT.High" "TGT.Low" "TGT.Close" "TGT.Volume" "TGT.Adjusted"
"2007-01-03" 57.849998 58.32 56.75 57.18 5691300 38.771431
"2007-01-04" 57.080002 57.830002 56.610001 57.59 3237400 39.049423
"2007-01-05" 57.5 58.099998 57.150002 57.27 2962000 38.832458
"2007-01-08" 57.189999 57.419998 56.93 57.349998 2874700 38.886703
"2007-01-09" 57.450001 58.450001 57.450001 58.259998 3820200 39.503731
"2007-01-10" 57.939999 58.439999 57.849998 58.310001 3369900 39.537636
"2007-01-11" 58.349998 59.91 58.25 59.810001 4874200 40.554726
"2007-01-12" 59.799999 60.459999 59.509998 60.310001 5133500 40.893757
"2007-01-16" 60.220001 61 60.080002 60.84 4575800 41.25312
"2007-01-17" 60.93 61 60.080002 60.360001 5104600 40.927662
"2007-01-18" 59.57 61.599998 59.57 61.509998 6335800 41.70742
"2007-01-19" 61.869999 62.959999 61.529999 62.349998 5996700 42.277
"2007-01-22" 62.349998 62.48 61.290001 61.5 5511100 41.700653
"2007-01-23" 61.369999 62.09 60.990002 61.43 4265400 41.653198
"2007-01-24" 61.369999 61.919998 61.16 61.48 4031900 41.687073
"2007-01-25" 61.450001 61.5 60.57 60.68 3644300 41.144634
"2007-01-26" 60.68 60.860001 59.970001 60.189999 3237700 40.812397
"2007-01-29" 60.189999 60.529999 59.91 60.07 3067000 40.73101
"2007-01-30" 60.490002 61.080002 59.880001 60.439999 4402500 40.981907
"2007-01-31" 60.490002 61.59 60.349998 61.360001 3207900 41.605721
"2007-02-01" 61.290001 62.209999 61.07 61.799999 3858000 41.90406
"2007-02-02" 61.900002 62.25 61.48 62.029999 3276400 42.060028
"2007-02-05" 62.029999 62.48 61.799999 62.119999 3096300 42.121048
"2007-02-06" 62.119999 62.900002 62.009998 62.709999 3118400 42.521107
"2007-02-07" 62.939999 63.139999 62.360001 62.799999 1858600 42.58213
"2007-02-08" 63.099998 63.200001 62.060001 62.259998 2856800 42.215969
"2007-02-09" 62.240002 62.400002 61.130001 61.669998 4963400 41.815918
"2007-02-12" 61.639999 62.279999 61.509998 61.799999 2929800 41.90406
"2007-02-13" 62.02 62.349998 61.77 62.130001 2265700 42.127834
"2007-02-14" 62.099998 62.599998 61.900002 62.439999 3264400 42.338017
"2007-02-15" 62.220001 62.990002 62.080002 62.669998 2074900 42.575798
"2007-02-16" 62.400002 62.950001 62.150002 62.91 3454500 42.738842
"2007-02-20" 63.150002 64.739998 63.049999 64.32 4695200 43.696758
"2007-02-21" 64 64.18 63.369999 63.610001 3049900 43.214405
"2007-02-22" 63.360001 63.389999 62.68 63.119999 2945000 42.881519
"2007-02-23" 63.150002 63.349998 62.799999 63.099998 3237200 42.867924
"2007-02-26" 63.119999 63.43 62.23 62.549999 3421600 42.494267
"2007-02-27" 61.700001 62 59.400002 59.400002 6358500 40.354282
"2007-02-28" 60.43 61.849998 59.880001 61.529999 7802600 41.801327
"2007-03-01" 60.799999 61.400002 60 60.900002 5343600 41.373329
"2007-03-02" 60.5 61.830002 60.299999 61.029999 5700400 41.461636
"2007-03-05" 60.5 61.09 59.77 59.790001 4894900 40.619232
"2007-03-06" 60.200001 60.93 60.060001 60.73 5542800 41.257843
"2007-03-07" 60.419998 61.09 60.290001 60.599998 4269000 41.169506
"2007-03-08" 62.700001 63 61.509998 61.689999 4517900 41.910023
"2007-03-09" 62.349998 62.43 61.68 61.880001 4119200 42.039104
"2007-03-12" 61.349998 62.27 61.25 62.23 3345200 42.276882
"2007-03-13" 61.27 61.41 60 60.470001 7382800 41.081192
"2007-03-14" 60.82 60.900002 58.299999 59.299999 10753800 40.286331
"2007-03-15" 59.16 59.98 58.919998 59.580002 7780900 40.476566
"2007-03-16" 59.84 60.169998 59.310001 59.77 5526000 40.60564
"2007-03-19" 60.299999 60.709999 59.849998 60.439999 3813900 41.060814
"2007-03-20" 60.43 61.330002 60.360001 61.139999 3721700 41.53635
"2007-03-21" 61.02 62.259998 60.669998 61.59 5185300 41.842091
"2007-03-22" 61.799999 61.799999 60.740002 61.23 2867800 41.597511
"2007-03-23" 61.200001 61.939999 61.07 61.509998 2727000 41.787735
"2007-03-26" 61.389999 61.799999 60.290001 61.560001 3633700 41.821705
"2007-03-27" 61.209999 61.560001 60.099998 60.540001 4154900 41.128757
"2007-03-28" 60.290001 60.330002 59.540001 59.950001 4502600 40.727921
"2007-03-29" 60.299999 60.619999 59.16 59.75 3487000 40.592056
"2007-03-30" 59.75 60 58.810001 59.259998 5042300 40.259163
"2007-04-02" 59.509998 59.959999 58.849998 59.93 4571700 40.71434
"2007-04-03" 60.43 61.380001 60.110001 60.82 4542400 41.31897
"2007-04-04" 60.82 61.279999 60.380001 60.59 2463300 41.162727
"2007-04-05" 60.560001 61.400002 60.48 61.110001 1887800 41.51598
"2007-04-09" 61.209999 61.650002 61.009998 61.380001 2754500 41.699432
"2007-04-10" 61.27 61.669998 60.540001 60.560001 3998800 41.142342
"2007-04-11" 60.5 60.599998 59.290001 59.68 6685100 40.544498
"2007-04-12" 60.119999 60.41 58.93 59.950001 4336100 40.727921
"2007-04-13" 60.5 60.5 58.740002 59.650002 5735900 40.524113
"2007-04-16" 59.950001 60.369999 59.630001 60.169998 2693400 40.877399
"2007-04-17" 60.02 60.869999 60 60.610001 4795600 41.176315
"2007-04-18" 60.509998 60.950001 60.25 60.810001 4017800 41.31218
"2007-04-19" 60.529999 61.48 60.43 61.259998 5352300 41.617886
"2007-04-20" 61.790001 62.18 61.419998 62.119999 5050000 42.202152
"2007-04-23" 62.009998 62.25 61.369999 61.43 3625700 41.733398
"2007-04-24" 60 60.490002 59.450001 60.330002 8987100 40.986103
"2007-04-25" 60.400002 60.650002 59.939999 60.52 4168300 41.11517
"2007-04-26" 60.099998 61.610001 60.049999 60.950001 5499700 41.407291
"2007-04-27" 60.75 61.150002 60.310001 60.77 3201700 41.285007
"2007-04-30" 60.599998 60.799999 59.310001 59.369999 6931200 40.333893
"2007-05-01" 59.110001 59.830002 58.48 59.639999 7572700 40.517323
"2007-05-02" 58.799999 59.830002 58.790001 58.950001 6698300 40.04855
"2007-05-03" 59.16 59.369999 58.279999 58.580002 9888300 39.797199
"2007-05-04" 58.619999 59.16 58.290001 58.98 4749900 40.068939
"2007-05-07" 58.299999 59.82 58.290001 59.349998 5697400 40.320305
"2007-05-08" 59.400002 59.450001 58.779999 58.779999 6316400 39.933079
"2007-05-09" 58.799999 59.389999 58.599998 59.16 4459600 40.191231
"2007-05-10" 59.349998 60 58.66 58.720001 7195400 39.892311
"2007-05-11" 58.740002 59.029999 57.84 58.25 6379900 39.573009
"2007-05-14" 58.41 58.5 57.75 57.98 6247300 39.389584
"2007-05-15" 58.009998 58.349998 57.349998 57.549999 9591400 39.097439
"2007-05-16" 57.549999 57.77 56.799999 57.310001 11336900 39.015762
"2007-05-17" 57.900002 58 57.580002 57.689999 8478300 39.274445
"2007-05-18" 57.93 58.400002 57.799999 58.150002 9896400 39.587616
"2007-05-21" 58.450001 58.799999 57.880001 58.139999 7395200 39.580814
"2007-05-22" 58.439999 59 57.880001 58.040001 10810800 39.512733
"2007-05-23" 60.349998 60.630001 58.5 58.599998 15470100 39.893978
"2007-05-24" 58.849998 60.25 58.610001 60.16 11889200 40.955975
"2007-05-25" 60.470001 60.869999 60.220001 60.759998 7224900 41.364468
"2007-05-29" 60.799999 60.990002 60.450001 60.799999 6639300 41.391697
"2007-05-30" 60.209999 61.130001 60.150002 61.080002 5510700 41.582314
"2007-05-31" 61.299999 62.549999 60.810001 62.43 11810400 42.501366
"2007-06-01" 62.41 63.849998 62.380001 63.669998 11945200 43.345551
"2007-06-04" 63.279999 63.860001 63.099998 63.849998 6863200 43.468086
"2007-06-05" 63.32 64.010002 63.209999 63.959999 8300000 43.542988
"2007-06-06" 63.549999 64.18 63.099998 64.099998 10495800 43.63829
"2007-06-07" 63.700001 63.84 62.380001 62.529999 11042200 42.569458
"2007-06-08" 62.540001 63.439999 62.299999 63.369999 7404800 43.141319
"2007-06-11" 63.099998 63.299999 62.669998 62.939999 5600200 42.848572
"2007-06-12" 62.360001 63.18 62.200001 62.459999 8373400 42.521797
"2007-06-13" 62.810001 63.560001 62.66 63.470001 7670700 43.2094
"2007-06-14" 63.5 63.900002 63.380001 63.84 7156600 43.461281
"2007-06-15" 64.32 64.449997 63.77 63.790001 8525000 43.427235
"2007-06-18" 63.82 64.160004 63.75 63.98 10064600 43.556591
"2007-06-19" 63.700001 64.139999 63.139999 63.310001 13744200 43.100464
"2007-06-20" 63.599998 65.07 63.310001 64.25 20239400 43.740414
"2007-06-21" 64.050003 64.68 63.66 64.400002 8066800 43.842522
"2007-06-22" 63.57 64.82 63.509998 64.269997 10514600 43.754017
"2007-06-25" 63.810001 64.730003 63.5 64.160004 14000600 43.679134
"2007-06-26" 63.939999 64.190002 62.779999 62.91 16425500 42.828159
"2007-06-27" 62.799999 63.900002 62.400002 63.75 10061200 43.400009
"2007-06-28" 63.580002 63.889999 63.299999 63.5 7989400 43.229801
"2007-06-29" 64.220001 64.269997 63.349998 63.599998 7340000 43.297886
"2007-07-02" 63.25 64.040001 63.110001 63.84 6707600 43.461281
"2007-07-03" 63.990002 63.990002 63.110001 63.259998 3978700 43.066418
"2007-07-05" 63.049999 64.419998 63 64.209999 7767500 43.713181
"2007-07-06" 64.199997 68.239998 63.77 68.099998 30181800 46.361416
"2007-07-09" 67.610001 67.610001 66.489998 66.720001 12176400 45.421936
"2007-07-10" 66 66.129997 64.739998 64.809998 15467000 44.121628
"2007-07-11" 64.739998 66.059998 64.720001 65.599998 11065500 44.659451
"2007-07-12" 66.639999 70.480003 65.599998 70.040001 32807200 47.682148
"2007-07-13" 69.75 70.75 69.019997 70.139999 19536500 47.750225
"2007-07-16" 70.669998 70.699997 68.739998 68.889999 10519800 46.899231
"2007-07-17" 69.150002 69.150002 68.370003 68.519997 7818600 46.64735
"2007-07-18" 68.860001 68.900002 67.900002 68.019997 8268900 46.30695
"2007-07-19" 68.040001 69.440002 68.019997 68.889999 9325900 46.899231
"2007-07-20" 68.370003 69.519997 66.5 67.43 10322200 45.9053
"2007-07-23" 67.849998 68.050003 66.559998 66.669998 7337900 45.38789
"2007-07-24" 66.5 66.669998 64.75 64.800003 11001400 44.114826
"2007-07-25" 65 65.489998 63.900002 64.410004 9649100 43.849331
"2007-07-26" 64.120003 64.309998 61.470001 62.220001 13781000 42.358425
"2007-07-27" 62.330002 63.59 61.43 62.099998 13275100 42.276718
"2007-07-30" 62.099998 63.029999 61.439999 62.82 8778400 42.766884
"2007-07-31" 63.43 63.689999 60.5 60.57 10525300 41.235119
"2007-08-01" 60.599998 61.389999 59.07 60.540001 11559000 41.214695
"2007-08-02" 60.599998 63.360001 60.080002 63.099998 11270800 42.9575
"2007-08-03" 63.080002 63.25 60.439999 60.509998 8513000 41.19426
"2007-08-06" 60.700001 61.990002 59.220001 61.59 12358100 41.92952
"2007-08-07" 61.040001 63.099998 60.599998 62.66 10898400 42.657951
"2007-08-08" 62.720001 66.260002 62.68 65.209999 13747600 44.393951
"2007-08-09" 64.010002 65.129997 61.950001 62.52 13879700 42.562645
"2007-08-10" 62.009998 63 60.23 62.360001 12264300 42.453724
"2007-08-13" 63.73 64 62.869999 63.27 7312200 43.073227
"2007-08-14" 62.73 62.900002 59.939999 60.09 9085200 40.908337
"2007-08-15" 60.02 60.459999 57.959999 58.110001 11087100 39.560383
"2007-08-16" 57.650002 60.549999 56.060001 59.75 12882000 40.775105
"2007-08-17" 61.27 62.91 59.490002 61.18 11741600 41.750984
"2007-08-20" 61.900002 61.900002 58.5 59.09 10091900 40.324692
"2007-08-21" 60.200001 60.450001 58.290001 60.099998 9771500 41.013954
"2007-08-22" 61.360001 63.790001 61.200001 63.580002 8653600 43.388813
"2007-08-23" 63.599998 64.080002 61.84 62.009998 5704700 42.31741
"2007-08-24" 62.169998 63.119999 61.419998 63.09 4147300 43.054428
"2007-08-27" 62.720001 63.119999 62.029999 62.25 3633000 42.481171
"2007-08-28" 62 62.669998 60.830002 61.130001 9505000 41.71685
"2007-08-29" 61.419998 64.139999 61.220001 63.93 5949800 43.62767
"2007-08-30" 63.060001 64.5 62.939999 63.810001 7713700 43.545769
"2007-08-31" 64.730003 66.489998 64.400002 65.93 7817600 44.992523
"2007-09-04" 65.559998 65.57 64.099998 64.239998 5266800 43.839211
"2007-09-05" 63.549999 63.950001 61.529999 61.880001 7801300 42.228683
"2007-09-06" 63.580002 64.360001 62.580002 63.389999 6506600 43.259144
"2007-09-07" 62.41 62.740002 60.59 61 10584900 41.628136
"2007-09-10" 61.68 61.77 59.75 60.450001 5866700 41.252804
"2007-09-11" 60.630001 62 60.630001 61.799999 5375300 42.174088
"2007-09-12" 61.52 63.299999 60.889999 62.720001 7652500 42.801926
"2007-09-13" 64.18 64.830002 63.689999 64.419998 9954500 43.962036
"2007-09-14" 63.580002 64.870003 63.32 64.510002 5476800 44.02346
"2007-09-17" 64.139999 64.330002 63.389999 63.41 3926900 43.272797
"2007-09-18" 63.970001 67.370003 63.619999 67.279999 8112700 45.913788
"2007-09-19" 67.5 68.290001 65.980003 66.18 8255700 45.163139
"2007-09-20" 66.059998 66.169998 64.849998 65.589996 5522200 44.760479
"2007-09-21" 66.190002 66.330002 65.400002 65.650002 8970200 44.801441
"2007-09-24" 65.599998 65.720001 63.889999 64.300003 8414100 43.880154
"2007-09-25" 61 62.220001 61 61.349998 16745300 41.866985
"2007-09-26" 61.84 62.709999 61.52 62.509998 9112400 42.658619
"2007-09-27" 62.5 62.75 61.689999 61.700001 7313600 42.105854
"2007-09-28" 62.939999 63.860001 62.5 63.57 8600500 43.381989
"2007-10-01" 63.779999 65.110001 63.599998 64.989998 6374300 44.351032
"2007-10-02" 65.199997 65.32 64.449997 65.32 4018200 44.576237
"2007-10-03" 64.889999 66.470001 64.660004 65.720001 5394500 44.849205
"2007-10-04" 66 66.080002 64.980003 65.190002 2917200 44.48753
"2007-10-05" 65.690002 68.5 65.279999 67.57 7733800 46.111694
"2007-10-08" 67.349998 67.349998 66.050003 66.309998 3250500 45.251839
"2007-10-09" 66.410004 66.580002 64.989998 65.75 5009900 44.869686
"2007-10-10" 64.760002 66.18 64.75 65.769997 7621100 44.883324
"2007-10-11" 64.5 66.809998 64.279999 64.620003 10230800 44.098534
"2007-10-12" 65 65.099998 63.810001 64.169998 5094000 43.791454
"2007-10-15" 64.150002 64.349998 62.880001 63.650002 7295900 43.436581
"2007-10-16" 63.619999 64 62.830002 63.66 5482000 43.443394
"2007-10-17" 64.300003 64.480003 62.599998 63.419998 7641400 43.279633
"2007-10-18" 62.919998 63.080002 62.5 62.66 6304300 42.760971
"2007-10-19" 62.380001 63.060001 60.650002 60.77 9862200 41.47118
"2007-10-22" 60.5 61.959999 60 61.549999 7861800 42.003475
"2007-10-23" 61.700001 62.380001 60.040001 61.360001 8373300 41.873806
"2007-10-24" 60.950001 61.91 60.349998 61.700001 8748800 42.105854
"2007-10-25" 62 63.200001 61.259998 62.310001 8914900 42.522114
"2007-10-26" 62.990002 63.110001 61.790001 63.029999 6284300 43.013485
"2007-10-29" 63.119999 63.860001 62.299999 62.490002 8146900 42.644962
"2007-10-30" 62.900002 63.240002 62.540001 62.849998 5853300 42.890629
"2007-10-31" 62.849998 62.950001 60.349998 61.360001 12594400 41.873806
"2007-11-01" 60.790001 60.790001 58.27 58.470001 14732300 39.901596
"2007-11-02" 58.650002 59.57 57.290001 59.330002 12667200 40.488495
"2007-11-05" 58.5 58.849998 57.5 57.91 10589300 39.519444
"2007-11-06" 57.959999 58.939999 57.259998 58.939999 13886300 40.222347
"2007-11-07" 58 60.040001 57.919998 58.82 10984500 40.14045
"2007-11-08" 59.900002 60.639999 57.259998 58.700001 10686400 40.058563
"2007-11-09" 58 58 55.59 56.189999 12820100 38.345669
"2007-11-12" 56 57.900002 55.990002 56.630001 10003900 38.64592
"2007-11-13" 58.200001 59.630001 57.880001 59.599998 9178200 40.672752
"2007-11-14" 59.439999 59.759998 56.5 56.77 11073800 38.741467
"2007-11-15" 56.419998 56.5 54.619999 55 12497500 37.533577
"2007-11-16" 54.860001 54.889999 53.23 53.880001 13641500 36.863098
"2007-11-19" 54 54.200001 52.91 53.900002 9022600 36.876762
"2007-11-20" 52.139999 54.169998 50.25 51.689999 26882500 35.364761
"2007-11-21" 51.25 54.560001 50.970001 54.099998 24403100 37.013607
"2007-11-23" 53.98 57.169998 53.970001 57.169998 13580400 39.114002
"2007-11-26" 57.150002 57.389999 55 55.220001 13135200 37.779896
"2007-11-27" 55.580002 57.029999 55.290001 57 13561800 38.9977
"2007-11-28" 57.150002 60.110001 57.009998 59.580002 16808400 40.762859
"2007-11-29" 59 59.98 58.23 59.439999 9953700 40.667072
"2007-11-30" 60.639999 61 59.75 59.970001 12101500 41.029675
"2007-12-03" 60 60.299999 59.32 59.52 7359300 40.721817
"2007-12-04" 59.049999 60.139999 58.529999 59.43 16227000 40.66024
"2007-12-05" 59.860001 60.490002 59.18 60.130001 7047400 41.139153
"2007-12-06" 55.950001 57.439999 55.169998 55.57 22224200 38.019337
"2007-12-07" 55.599998 56.290001 54.799999 55.509998 8819100 37.978287
"2007-12-10" 55.779999 56 54.650002 55.599998 7258800 38.039867
"2007-12-11" 55.799999 55.799999 52.689999 53.040001 15119400 36.288372
"2007-12-12" 54.25 54.299999 52.57 53.18 13317200 36.384174
"2007-12-13" 53.02 53.970001 51.400002 52.5 11069600 35.918922
"2007-12-14" 52.43 52.439999 51.5 51.560001 7686500 35.27581
"2007-12-17" 51.439999 52.599998 50.990002 51.919998 15187800 35.522114
"2007-12-18" 52.400002 53.400002 51.419998 53.009998 14367700 36.267857
"2007-12-19" 52.950001 53.240002 51.52 51.57 12032000 35.282658
"2007-12-20" 52.049999 52.049999 48.849998 50.209999 18598100 34.35218
"2007-12-21" 50.580002 51.380001 49.880001 50.68 12001000 34.673752
"2007-12-24" 51.02 52.73 50.73 52.470001 6031400 35.898411
"2007-12-26" 50.970001 51.720001 50.41 51.16 9721900 35.002148
"2007-12-27" 51 51.439999 50.540001 50.639999 8834300 34.646366
"2007-12-28" 51.150002 51.639999 50.689999 50.740002 7390400 34.714802
"2007-12-31" 50.75 50.91 49.849998 50 9881300 34.20853
"2008-01-02" 50.049999 50.32 49.009998 49.509998 11078500 33.873253
"2008-01-03" 49.580002 50.43 49.299999 49.57 12350900 33.914318
"2008-01-04" 49.049999 49.25 47.650002 48.080002 15503200 32.894897
"2008-01-07" 48.279999 49.360001 47.25 48.990002 12112000 33.517494
"2008-01-08" 49.32 50.59 48.720001 48.950001 15212200 33.490128
"2008-01-09" 49.110001 49.990002 47.889999 49.919998 13026700 34.153774
"2008-01-10" 49.380001 52.490002 48.849998 51.549999 18752700 35.268974
"2008-01-11" 51.18 51.18 49.5 49.950001 15944200 34.174309
"2008-01-14" 50.25 50.529999 49.5 50.490002 9630800 34.543747
"2008-01-15" 49.959999 50.299999 49.290001 49.869999 13012800 34.119564
"2008-01-16" 49.540001 50.77 49.119999 50.18 15845300 34.331657
"2008-01-17" 50.630001 50.700001 49.77 49.939999 13268500 34.167461
"2008-01-18" 50.389999 51.18 49.91 50.099998 19255200 34.276924
"2008-01-22" 47.009998 54.02 47.009998 53.830002 27658400 36.828865
"2008-01-23" 52.950001 56.169998 52.700001 54.389999 25541000 37.212006
"2008-01-24" 54.07 54.330002 52.080002 53.009998 17086000 36.267857
"2008-01-25" 53.330002 53.630001 51.380001 51.599998 11255600 35.303185
"2008-01-28" 51.57 53.509998 51.240002 53.470001 10843300 36.582573
"2008-01-29" 53.889999 53.900002 52.220001 52.799999 11420200 36.12418
"2008-01-30" 52.68 53.57 52.009998 52.380001 10626300 35.836834
"2008-01-31" 51.650002 56.310001 51.5 55.419998 19756100 37.916714
"2008-02-01" 55.349998 57.189999 54.84 57.049999 13365400 39.031902
"2008-02-04" 57.169998 57.32 54.049999 54.049999 10297100 36.979397
"2008-02-05" 53.68 54.5 52.75 52.75 10914700 36.089973
"2008-02-06" 53.009998 53.310001 50.75 51 14202200 34.89267
"2008-02-07" 50.869999 54.639999 50.529999 54.099998 19418600 37.013607
"2008-02-08" 53.700001 54.240002 52 52.5 10442300 35.918922
"2008-02-11" 52.59 54.299999 51.93 54.189999 7521600 37.075169
"2008-02-12" 54.41 54.849998 53.549999 53.91 7811800 36.883598
"2008-02-13" 54.279999 54.709999 53.610001 54.509998 7030300 37.294109
"2008-02-14" 54.630001 54.630001 52.91 53.139999 6395600 36.356804
"2008-02-15" 52.900002 53.130001 52.25 53.07 7848300 36.404819
"2008-02-19" 53.709999 54.029999 51.900002 52.220001 7654000 35.821743
"2008-02-20" 51.91 53.869999 51.75 53.400002 9112800 36.631184
"2008-02-21" 52.700001 53.400002 51 51.360001 13976400 35.231796
"2008-02-22" 51.470001 52.130001 50.650002 52.07 15567300 35.718845
"2008-02-25" 51.419998 53.459999 51.419998 53.25 12165700 36.52829
"2008-02-26" 52.889999 55.48 52.889999 54.889999 14776000 37.653286
"2008-02-27" 54.450001 55.029999 54.099998 54.830002 10627200 37.612137
"2008-02-28" 54.529999 54.580002 53.310001 53.82 7660900 36.919304
"2008-02-29" 53.330002 54.299999 52.349998 52.610001 8117400 36.089256
"2008-03-03" 52.43 53.330002 51.900002 52.91 6936800 36.295067
"2008-03-04" 52.32 53.25 52.16 53.060001 8117700 36.397953
"2008-03-05" 53 53.59 52.299999 52.799999 12406000 36.219604
"2008-03-06" 52.639999 53.200001 51.990002 52.27 10296500 35.856041
"2008-03-07" 51.889999 53.150002 51.669998 52 10491300 35.670822
"2008-03-10" 52.150002 52.5 51.119999 51.23 8937600 35.142624
"2008-03-11" 52.279999 52.450001 50 51.580002 19362300 35.382721
"2008-03-12" 51.59 52.299999 50.939999 51.09 11259100 35.046585
"2008-03-13" 50.740002 51 49.509998 50.560001 17445600 34.683022
"2008-03-14" 51.02 51.25 49.080002 49.830002 11598800 34.182255
"2008-03-17" 48.709999 49.66 47.709999 48.5 13144900 33.269894
"2008-03-18" 49.330002 51.169998 49.259998 50.990002 13300500 34.977978
"2008-03-19" 51.34 52.209999 50.040001 50.139999 12967800 34.394901
"2008-03-20" 50.200001 52.689999 50.150002 52.349998 11449800 35.910912
"2008-03-24" 52.349998 54.040001 52.080002 53.639999 8411100 36.795822
"2008-03-25" 53.580002 53.849998 53 53.439999 8856000 36.658615
"2008-03-26" 53.07 53.34 51.919998 52.43 12014500 35.965786
"2008-03-27" 52.52 53 50.77 50.98 12057900 34.971123
"2008-03-28" 50.049999 50.52 49.490002 49.689999 13370500 34.086224
"2008-03-31" 49.759998 51.049999 49.220001 50.68 12471200 34.765335
"2008-04-01" 51.060001 53.419998 51.060001 53.27 10911300 36.542
"2008-04-02" 53.23 54.139999 52.830002 53.450001 11549200 36.665482
"2008-04-03" 53.23 53.439999 52.5 53.25 5654700 36.52829
"2008-04-04" 52.560001 53.400002 52.459999 52.669998 7002400 36.130421
"2008-04-07" 53.16 53.220001 52.5 52.77 6007400 36.199036
"2008-04-08" 52.5 53.450001 51.91 53.259998 7452400 36.535149
"2008-04-09" 53.099998 53.279999 51.790001 52.34 8194400 35.904049
"2008-04-10" 52.470001 53.700001 52.040001 53.16 11577800 36.466549
"2008-04-11" 52.419998 52.959999 51.73 51.970001 8488500 35.650246
"2008-04-14" 52.029999 52.299999 51.790001 51.959999 5626700 35.643383
"2008-04-15" 52.279999 52.599998 51.73 52.540001 8038900 36.041252
"2008-04-16" 52.93 53.669998 52.639999 53.630001 6486200 36.788967
"2008-04-17" 53.330002 53.68 52.889999 53.41 5436100 36.638046
"2008-04-18" 53.919998 55.099998 53.919998 54.599998 9490200 37.45435
"2008-04-21" 54.5 54.740002 54.029999 54.549999 8209900 37.420063
"2008-04-22" 54.119999 54.18 52.169998 52.630001 12952500 36.102993
"2008-04-23" 52.630001 52.799999 51.799999 52.380001 15437500 35.931496
"2008-04-24" 52.349998 53.959999 52.349998 52.900002 11718700 36.2882
"2008-04-25" 53.049999 54.07 52.869999 53.98 11347900 37.029057
"2008-04-28" 54.490002 54.490002 53.560001 53.939999 6278200 37.001606
"2008-04-29" 53.939999 54.48 53.630001 54.099998 9392500 37.111378
"2008-04-30" 54.02 54.380001 52.82 53.130001 9307400 36.445969
"2008-05-01" 52.959999 54.810001 52.669998 54.240002 10065500 37.207405
"2008-05-02" 54.66 55 53.91 53.91 8866100 36.981026
"2008-05-05" 53.75 54.110001 53.099998 53.189999 9745600 36.487148
"2008-05-06" 53.25 53.639999 52.779999 53.439999 8355600 36.658615
"2008-05-07" 53.16 54.299999 53.07 53.439999 10682600 36.658615
"2008-05-08" 53.540001 53.650002 51.349998 52.34 15295200 35.904049
"2008-05-09" 52.25 52.84 51.810001 52.240002 6592300 35.835442
"2008-05-12" 52.369999 53.599998 52.369999 53.48 7578200 36.686073
"2008-05-13" 53.459999 53.779999 52.810001 53.25 5226300 36.52829
"2008-05-14" 53.709999 54.27 53.25 53.849998 6478600 36.939877
"2008-05-15" 53.77 55.139999 53.240002 55.099998 8698000 37.79734
"2008-05-16" 54.98 55.060001 54.419998 54.880001 10304400 37.742332
"2008-05-19" 54.240002 55.720001 54.240002 54.919998 9513800 37.769844
"2008-05-20" 54.59 55.610001 54.080002 54.290001 13699400 37.336575
"2008-05-21" 54.240002 54.48 52.75 52.869999 8489200 36.36002
"2008-05-22" 52.84 53.490002 52.290001 53.009998 7786200 36.456284
"2008-05-23" 52.950001 52.950001 51.630001 52.040001 7354000 35.789196
"2008-05-27" 51.970001 53.330002 51.669998 52.150002 9348600 35.864838
"2008-05-28" 52.110001 52.75 51.82 52.32 11698200 35.98177
"2008-05-29" 52.330002 54.049999 52.150002 53.75 9118000 36.965206
"2008-05-30" 53.849998 54 53.259998 53.360001 6402900 36.696991
"2008-06-02" 53.540001 53.639999 52.119999 52.82 6574300 36.325623
"2008-06-03" 52.75 55.060001 52.59 55 19044500 37.824856
"2008-06-04" 54.919998 54.919998 53.959999 54.200001 11848700 37.274681
"2008-06-05" 54.099998 55 53.549999 54.630001 11434000 37.570404
"2008-06-06" 53.900002 54.23 52.400002 52.52 12854100 36.119305
"2008-06-09" 52.700001 53.369999 51.919998 52.450001 9221000 36.071175
"2008-06-10" 52.029999 53.470001 51.77 53.189999 9309800 36.580082
"2008-06-11" 52.790001 53.080002 51.540001 51.610001 9354000 35.493465
"2008-06-12" 51.970001 52.900002 51.610001 52.209999 8817300 35.906101
"2008-06-13" 52.669998 53.540001 52.419998 53.540001 9449000 36.820789
"2008-06-16" 53.290001 53.290001 52.509998 53.09 6505100 36.511311
"2008-06-17" 53.259998 53.43 52.27 52.450001 6563400 36.071175
"2008-06-18" 52.299999 52.400002 50.669998 50.849998 10872100 34.970798
"2008-06-19" 50.860001 52.07 50.799999 51.799999 9862000 35.62413
"2008-06-20" 51.509998 51.720001 49.93 49.98 15088700 34.372494
"2008-06-23" 50.169998 50.330002 48.380001 48.740002 15612200 33.519695
"2008-06-24" 48.470001 49.82 47.740002 49.169998 14203300 33.81543
"2008-06-25" 49.040001 50.52 48.98 49.880001 12569300 34.303715
"2008-06-26" 49.299999 49.459999 47.59 47.639999 12923200 32.763199
"2008-06-27" 47.599998 48.189999 47.060001 47.869999 12100200 32.921387
"2008-06-30" 47.849998 48.540001 46.34 46.490002 12321800 31.972322
"2008-07-01" 45.950001 47.599998 45.52 47.529999 13175300 32.687546
"2008-07-02" 47.799999 48.200001 46.580002 46.689999 11764100 32.109852
"2008-07-03" 47.169998 47.66 46.209999 46.900002 5152300 32.254284
"2008-07-07" 47.529999 48.25 46.369999 47.169998 10711200 32.439964
"2008-07-08" 47.169998 48.689999 47.169998 48.669998 10909700 33.471569
"2008-07-09" 48.630001 49.25 47.150002 47.32 9132200 32.543137
"2008-07-10" 47.419998 47.419998 44.529999 44.889999 15760500 30.871962
"2008-07-11" 44.450001 45.25 43.099998 44.740002 14747400 30.768806
"2008-07-14" 45.200001 45.25 43.529999 43.919998 11093000 30.204861
"2008-07-15" 43.349998 44.560001 42.32 43.68 13795900 30.039825
"2008-07-16" 43.650002 46.23 43.5 46.18 14223000 31.759123
"2008-07-17" 46.34 47.799999 45.169998 47.57 14504600 32.715069
"2008-07-18" 47.900002 47.900002 46.439999 46.869999 9493700 32.233662
"2008-07-21" 47 47.299999 45.560001 45.66 7989500 31.401512
"2008-07-22" 45.25 46.110001 44.389999 45.959999 14626400 31.607845
"2008-07-23" 44.540001 46.790001 44.110001 46.220001 14873000 31.786654
"2008-07-24" 46.139999 46.650002 44.810001 44.880001 10343200 30.865084
"2008-07-25" 45.029999 46.32 44.5 44.57 7222800 30.651896
"2008-07-28" 45 45.43 43.91 43.959999 7180300 30.232386
"2008-07-29" 44.07 45.77 44 45.68 7429300 31.41526
"2008-07-30" 46 47.150002 45.200001 45.889999 10536800 31.55969
"2008-07-31" 45.369999 46.450001 45.060001 45.23 6417400 31.105787
"2008-08-01" 45.52 45.810001 44.57 44.68 7387400 30.727537
"2008-08-04" 44.540001 45.490002 44.259998 45.009998 5450000 30.954483
"2008-08-05" 45.360001 48.389999 45.27 47.990002 15155000 33.003906
"2008-08-06" 47.869999 48.110001 46.68 48.009998 9460600 33.01767
"2008-08-07" 46.689999 47.099998 45.66 45.759998 10044900 31.470291
"2008-08-08" 45.799999 48.889999 45.799999 48.740002 11854500 33.519695
"2008-08-11" 48.630001 53.130001 48.060001 51.23 27015500 35.232136
"2008-08-12" 50.5 51.099998 49.060001 49.360001 16992500 33.946087
"2008-08-13" 48.830002 48.990002 47.639999 48.07 10799900 33.058929
"2008-08-14" 47.77 50.459999 47.57 49.650002 11807100 34.145523
"2008-08-15" 49.889999 51.400002 49.349998 51.400002 11107500 35.349056
"2008-08-18" 51.599998 51.639999 49.84 50.049999 11202200 34.528099
"2008-08-19" 49.900002 51 49.060001 49.720001 12873400 34.300453
"2008-08-20" 50.41 50.830002 49.389999 50.09 9843200 34.555702
"2008-08-21" 49.52 51.130001 49.400002 51.060001 8409300 35.224876
"2008-08-22" 51.290001 52.790001 51.259998 52.66 12707000 36.328667
"2008-08-25" 52.290001 52.52 51.77 51.869999 9340600 35.783669
"2008-08-26" 51.810001 52.970001 51.799999 52.950001 8891300 36.528728
"2008-08-27" 52.610001 53.080002 51.849998 52.849998 7590800 36.459747
"2008-08-28" 53.080002 53.91 52.849998 53.880001 6909000 37.170322
"2008-08-29" 53.41 53.779999 52.959999 53.02 6025800 36.577023
"2008-09-02" 54.990002 55.490002 54 55.040001 12917100 37.970562
"2008-09-03" 55 55.560001 54.119999 55.009998 9458000 37.949863
"2008-09-04" 54.060001 55.830002 53.709999 53.830002 15770900 37.135826
"2008-09-05" 53.139999 55.23 52.099998 55.029999 15556100 37.963669
"2008-09-08" 56.049999 58 55.57 57.889999 20146600 39.936695
"2008-09-09" 58.049999 59.220001 56.18 56.220001 23753700 38.784615
"2008-09-10" 56.5 57.549999 55.790001 56.740002 12857300 39.143353
"2008-09-11" 55.950001 57.630001 55.580002 57.630001 12735400 39.757332
"2008-09-12" 57.200001 57.330002 56.279999 57.259998 9796500 39.502094
"2008-09-15" 55.639999 57.740002 55.259998 55.400002 14412300 38.218914
"2008-09-16" 54.639999 58.790001 54.099998 57.869999 21043700 39.922905
"2008-09-17" 56.41 57.75 52.959999 53.59 20772200 36.970245
"2008-09-18" 53.43 56.290001 52.389999 55.529999 22351300 38.308609
"2008-09-19" 59 59.549999 52.639999 53.32 23299000 36.783985
"2008-09-22" 52.82 52.990002 49.700001 49.799999 21086200 34.355629
"2008-09-23" 50.07 50.860001 49.220001 49.509998 14111400 34.155567
"2008-09-24" 49.349998 51.040001 48.900002 49.259998 8456700 33.983093
"2008-09-25" 49.849998 51.200001 49.330002 50.220001 10043500 34.64537
"2008-09-26" 49.27 51.599998 48.990002 51.470001 9732700 35.507725
"2008-09-29" 50.689999 50.799999 46.619999 47.349998 16435100 32.665447
"2008-09-30" 48.59 49.650002 47.689999 49.049999 11575300 33.838226
"2008-10-01" 48.509998 48.860001 46.669998 47.240002 14274600 32.589558
"2008-10-02" 46.84 47.610001 44.5 44.700001 14700100 30.837286
"2008-10-03" 45.75 45.75 43.5 43.66 20846400 30.11981
"2008-10-06" 42.490002 43.220001 38.349998 42.349998 23778600 29.216084
"2008-10-07" 43.34 43.490002 39.82 39.860001 24995600 27.498308
"2008-10-08" 37.610001 42.779999 37.400002 41.299999 30508100 28.491718
"2008-10-09" 42.150002 42.34 37.02 37.529999 17929900 25.890888
"2008-10-10" 35.52 38.740002 35 37 26265300 25.525269
"2008-10-13" 39.459999 40.849998 37.5 40.810001 15275700 28.153687
"2008-10-14" 42.279999 42.68 38.869999 39.779999 14480700 27.443129
"2008-10-15" 38.990002 39.049999 35.349998 35.720001 14951700 24.642233
"2008-10-16" 36.799999 38.23 33.959999 37.91 22895800 26.153055
"2008-10-17" 36.93 39.849998 36.529999 39.369999 15725700 27.160276
"2008-10-20" 39.860001 39.939999 37.02 38.07 13263900 26.263437
"2008-10-21" 37.419998 39.220001 37.419998 37.700001 8799700 26.008179
"2008-10-22" 37.290001 37.290001 32.389999 33.41 18308500 23.048622
"2008-10-23" 33.459999 34.040001 31.84 33.93 16405800 23.407362
"2008-10-24" 30.450001 33.75 30.450001 32.919998 13003600 22.710592
"2008-10-27" 32.400002 34.880001 32.02 32.689999 10662000 22.551922
"2008-10-28" 35.049999 38.77 33.57 38.509998 24190600 26.56698
"2008-10-29" 38.09 43.75 36.5 40.720001 30513000 28.091604
"2008-10-30" 41.400002 41.939999 37.869999 38.389999 17746200 26.48419
"2008-10-31" 37.959999 40.73 37.82 40.119999 15085200 27.677671
"2008-11-03" 40.099998 40.630001 39.16 39.32 6305600 27.125778
"2008-11-04" 40.369999 42.220001 40 41.349998 12090600 28.526218
"2008-11-05" 40.77 41.32 37.52 37.75 11120900 26.042675
"2008-11-06" 37.110001 39.110001 35.009998 35.470001 16987400 24.469765
"2008-11-07" 35.75 36.91 34.540001 36.52 8797600 25.194134
"2008-11-10" 36.799999 37.91 35.82 36.290001 7090100 25.035463
"2008-11-11" 35.099998 36.799999 34.529999 35.849998 7316000 24.731922
"2008-11-12" 34.919998 35.389999 33.169998 33.279999 10225400 22.958956
"2008-11-13" 33.57 35.380001 31.030001 35.330002 13471400 24.373186
"2008-11-14" 34.209999 36.290001 32.509998 33.029999 11809100 22.786474
"2008-11-17" 32.25 34.75 31.639999 31.68 18703500 21.85515
"2008-11-18" 31.549999 32.610001 29.629999 30.059999 20321900 20.842829
"2008-11-19" 29.799999 30.34 25.6 26.959999 39770700 18.693363
"2008-11-20" 27.41 30.059999 26.469999 28 25409100 19.414471
"2008-11-21" 28.629999 28.809999 26.1 28.08 22217200 19.469944
"2008-11-24" 28.25 31.950001 27.42 30.440001 19557000 21.106308
"2008-11-25" 31.67 32.279999 30.5 32.009998 16165100 22.194901
"2008-11-26" 31.08 35.27 31.08 35.130001 14860000 24.358232
"2008-11-28" 35 35.32 33.349998 33.759998 5241800 23.408302
"2008-12-01" 33.27 33.369999 29.360001 29.540001 14257200 20.482267
"2008-12-02" 30 31.549999 28.629999 31.530001 14624800 21.862085
"2008-12-03" 30.75 34.700001 30.35 34.48 18550300 23.907536
"2008-12-04" 33.389999 35.77 33.07 34.040001 15762900 23.602448
"2008-12-05" 33.57 35.240002 31.4 34.959999 13721300 24.240362
"2008-12-08" 35.32 38.959999 35.150002 38.32 21197200 26.570093
"2008-12-09" 37.599998 40.18 37.349998 37.98 19069000 26.334354
"2008-12-10" 38.470001 39.130001 36.810001 38.849998 14153400 26.93759
"2008-12-11" 38.529999 39.43 37.060001 37.549999 19666800 26.036194
"2008-12-12" 36.450001 37.290001 35.040001 35.84 19630200 24.850523
"2008-12-15" 35.950001 36.220001 33.860001 34.689999 10937800 24.053148
"2008-12-16" 35.119999 36.330002 34.639999 36.139999 9943300 25.058531
"2008-12-17" 35.619999 36.48 35.169998 35.73 10679600 24.774256
"2008-12-18" 35.869999 36.549999 35.23 35.419998 13750900 24.559309
"2008-12-19" 35.799999 36.459999 34.259998 34.419998 12705100 23.865938
"2008-12-22" 34.790001 34.799999 32.599998 32.779999 11044200 22.728804
"2008-12-23" 32.73 33.41 31.940001 31.950001 7348000 22.153305
"2008-12-24" 32.41 33.060001 32.209999 32.349998 3710000 22.430651
"2008-12-26" 32.650002 32.91 32.110001 32.240002 4192600 22.35438
"2008-12-29" 32.259998 32.599998 31.690001 32.389999 9485100 22.458384
"2008-12-30" 32.490002 33.77 32.290001 33.549999 6320300 23.262701
"2008-12-31" 33.220001 34.990002 33.02 34.529999 6760700 23.942204
"2009-01-02" 34.639999 35.169998 34.16 34.630001 8066500 24.011551
"2009-01-05" 34.310001 36.540001 34.25 36.139999 8750900 25.058531
"2009-01-06" 36.57 38.610001 36.16 38.110001 14464400 26.424494
"2009-01-07" 37.75 38.84 36.549999 37.009998 10041400 25.661774
"2009-01-08" 37.900002 38.23 35.900002 37.52 18905200 26.0154
"2009-01-09" 37.52 37.880001 35.240002 35.400002 9625000 24.545437
"2009-01-12" 35.330002 35.700001 34.650002 35.110001 8718600 24.344366
"2009-01-13" 35.139999 36.290001 34.439999 34.939999 8414100 24.226492
"2009-01-14" 34.009998 34.470001 33.419998 33.700001 8619800 23.366713
"2009-01-15" 33.700001 35.549999 33.009998 34.919998 12320500 24.212624
"2009-01-16" 35.25 35.560001 33.990002 35.02 8752100 24.281958
"2009-01-20" 34.84 34.990002 32.119999 32.549999 11302200 22.569324
"2009-01-21" 31.99 34.23 31.85 34.139999 12536700 23.671793
"2009-01-22" 33.57 34.830002 33.029999 33.919998 11671000 23.519247
"2009-01-23" 32.93 33.950001 32.630001 33.400002 9628200 23.158695
"2009-01-26" 33.599998 34.740002 32.799999 33.150002 11096700 22.98535
"2009-01-27" 33.299999 33.639999 32.52 33.34 10944000 23.117092
"2009-01-28" 34.419998 35.450001 34.330002 34.919998 10965100 24.212624
"2009-01-29" 34.57 34.799999 32.59 32.700001 12924000 22.673334
"2009-01-30" 32.990002 33.02 31.17 31.200001 15832500 21.633272
"2009-02-02" 30.25 31.190001 29.879999 30.200001 17155500 20.939899
"2009-02-03" 30.5 32.470001 30.1 32.110001 24485000 22.26424
"2009-02-04" 31.620001 32.689999 31.17 31.34 20745200 21.730347
"2009-02-05" 31.030001 32.950001 31.030001 32.290001 19482200 22.389053
"2009-02-06" 32.240002 33.5 31.959999 33.02 17308300 22.895216
"2009-02-09" 32.900002 33.349998 32.18 32.73 11995400 22.694126
"2009-02-10" 32.57 32.779999 31.219999 31.290001 14187900 21.695683
"2009-02-11" 31.440001 32.029999 30.959999 31.75 7799300 22.014624
"2009-02-12" 31.5 31.5 29.809999 30.85 28205400 21.390587
"2009-02-13" 30.75 31 29.93 30.08 9543000 20.856686
"2009-02-17" 29.559999 30.139999 28.540001 29.629999 12896000 20.544674
"2009-02-18" 29.809999 30.450001 28.870001 29.440001 21037500 20.523758
"2009-02-19" 30 30.83 29.74 29.889999 9996000 20.837475
"2009-02-20" 29.469999 30.18 28.790001 29.75 12262700 20.739876
"2009-02-23" 30.02 30.65 28.23 28.43 10721500 19.819653
"2009-02-24" 27.450001 28.940001 27.120001 27.83 26996500 19.401365
"2009-02-25" 28.01 29.209999 27.209999 27.59 28313000 19.234053
"2009-02-26" 27.98 28.559999 27.610001 27.82 13167000 19.394384
"2009-02-27" 27.57 28.68 27.18 28.309999 17297600 19.735989
"2009-03-02" 27.790001 28.5 27.1 27.370001 12331900 19.080681
"2009-03-03" 27.780001 27.98 25.629999 25.950001 30336100 18.090744
"2009-03-04" 26.35 27.75 26.190001 27.16 13676200 18.934286
"2009-03-05" 26.879999 27.82 26.040001 26.309999 13311700 18.341717
"2009-03-06" 26.629999 26.790001 25 25.65 12434600 17.881603
"2009-03-09" 25.4 26.35 25.129999 25.370001 11816500 17.686411
"2009-03-10" 25.75 27.66 25.459999 27.209999 13459800 18.969137
"2009-03-11" 27.25 27.85 26.76 26.9 15474000 18.753027
"2009-03-12" 26.889999 28.690001 26.6 28.49 12663900 19.861479
"2009-03-13" 28.690001 30.01 28.18 29.969999 16870100 20.893246
"2009-03-16" 30.299999 30.440001 28.75 28.83 11136300 20.098509
"2009-03-17" 29.440001 30.450001 29.129999 30.450001 10204800 21.227875
"2009-03-18" 30.290001 32.810001 29.93 31.58 18579200 22.015638
"2009-03-19" 32 32.099998 31.18 31.43 10966900 21.911072
"2009-03-20" 31.610001 31.74 29.950001 30.35 11573400 21.158161
"2009-03-23" 31.219999 33.110001 30.709999 33.080002 14772300 23.061346
"2009-03-24" 32.68 33.540001 32.450001 33.060001 9971700 23.047403
"2009-03-25" 33.27 34.759998 31.969999 33.23 13303200 23.165922
"2009-03-26" 33.939999 35.669998 33.59 34.93 15375200 24.351048
"2009-03-27" 34.380001 34.860001 33.52 34.169998 9526600 23.821215
"2009-03-30" 33.310001 33.52 32.560001 33.279999 9198200 23.200779
"2009-03-31" 33.490002 34.880001 32.490002 34.389999 13802000 23.974602
"2009-04-01" 33.93 34.799999 33.299999 34.380001 10347200 23.967628
"2009-04-02" 35.07 36.849998 34.860001 36.060001 12031600 25.138823
"2009-04-03" 35.869999 36.759998 35.610001 36.68 10639800 25.571045
"2009-04-06" 36.360001 36.57 34.790001 35.450001 9772500 24.71356
"2009-04-07" 34.849998 35.41 34.48 35.029999 7659400 24.420767
"2009-04-08" 35.27 37.900002 35.25 37.599998 17798600 26.212414
"2009-04-09" 38.59 40 38.380001 39.889999 24532300 27.808853
"2009-04-13" 39.43 40.740002 39.43 40.220001 10584400 28.03891
"2009-04-14" 39.639999 40.150002 38.77 39.07 14979300 27.237204
"2009-04-15" 38.57 39.040001 37.619999 38.540001 11755100 26.867722
"2009-04-16" 38.900002 40.259998 38.650002 39.849998 10790100 27.780977
"2009-04-17" 39.93 40.849998 39.619999 40.540001 12032900 28.262009
"2009-04-20" 40 40.119999 37.91 38 15067400 26.491278
"2009-04-21" 37.799999 38.830002 37.48 38.740002 11243600 27.007153
"2009-04-22" 37.91 40.830002 37.91 39.23 13956200 27.348753
"2009-04-23" 39.43 39.75 38 38.689999 9762400 26.972277
"2009-04-24" 38.990002 41 38.900002 40.080002 12474000 27.941309
"2009-04-27" 39.48 40.18 38.900002 39.389999 8684800 27.460291
"2009-04-28" 38.939999 40.610001 38.779999 39.619999 9626700 27.62063
"2009-04-29" 40.150002 41.360001 39.799999 40.25 11616200 28.059834
"2009-04-30" 40.599998 41.77 40.349998 41.259998 12744200 28.763935
"2009-05-01" 40.380001 41.299999 39.740002 40.049999 9196900 27.920401
"2009-05-04" 39.75 41.400002 39.490002 40.549999 10130900 28.268957
"2009-05-05" 40.549999 41.360001 40 41.259998 9723400 28.763935
"2009-05-06" 41.799999 42.549999 39.970001 41.470001 10685600 28.910341
"2009-05-07" 43.709999 43.849998 41.919998 42.669998 14925500 29.746906
"2009-05-08" 43.82 44.650002 43.080002 43.790001 11975700 30.527693
"2009-05-11" 43.209999 43.98 42.599998 42.73 12052500 29.788733
"2009-05-12" 43.02 43.34 41.5 42.529999 8574500 29.649298
"2009-05-13" 41.880001 41.880001 40.16 40.470001 12665500 28.213192
"2009-05-14" 40.470001 41.75 40.240002 40.48 8525300 28.220169
"2009-05-15" 40.439999 41.5 40.07 40.369999 10744300 28.143476
"2009-05-18" 40.82 41.779999 40.810001 41.77 9445000 29.235348
"2009-05-19" 41.759998 42.23 41.25 41.939999 9228700 29.354332
"2009-05-20" 43.970001 44.900002 42.889999 42.939999 21713200 30.054256
"2009-05-21" 42.450001 43.299999 41.139999 41.599998 14277200 29.11636
"2009-05-22" 41.810001 41.990002 40.369999 40.740002 8483200 28.514435
"2009-05-26" 40.419998 41.59 40.259998 41 11534800 28.696419
"2009-05-27" 41.049999 41.439999 39.470001 39.599998 12555600 27.716541
"2009-05-28" 39.900002 40.220001 38.380001 39.139999 11561400 27.394577
"2009-05-29" 39.73 39.73 38.400002 39.299999 11770700 27.506565
"2009-06-01" 39.869999 42.34 39.82 41.669998 13152400 29.16535
"2009-06-02" 41.459999 42.419998 41.09 41.279999 9671200 28.892384
"2009-06-03" 40.98 41.599998 40.5 40.970001 13958700 28.675406
"2009-06-04" 39.849998 40.990002 39.169998 40.950001 13665600 28.661419
"2009-06-05" 41.630001 41.799999 40.310001 40.490002 11712500 28.339462
"2009-06-08" 40.169998 41.389999 39.84 40.98 7295400 28.682411
"2009-06-09" 41.07 41.389999 40.869999 41.139999 7417100 28.794409
"2009-06-10" 41.360001 41.59 39.869999 40.369999 9762400 28.255457
"2009-06-11" 40.52 40.869999 39.48 39.549999 8488900 27.681534
"2009-06-12" 39.639999 40.459999 39.009998 40.380001 6898300 28.26247
"2009-06-15" 40.650002 40.689999 39.540001 40.110001 9438800 28.07349
"2009-06-16" 40.110001 40.119999 38.5 38.619999 9418600 27.030622
"2009-06-17" 38.400002 39.66 37.66 39.049999 12031900 27.331573
"2009-06-18" 39.060001 39.259998 38.380001 39 6664300 27.296604
"2009-06-19" 39 39.939999 38.959999 39.580002 8055900 27.702541
"2009-06-22" 39.32 39.880001 38.82 39.470001 9254200 27.625547
"2009-06-23" 39.439999 39.669998 38.130001 38.32 10006700 26.820648
"2009-06-24" 38.5 39.34 38.34 38.68 8476800 27.07262
"2009-06-25" 38.509998 40.57 38.34 40.310001 12328000 28.213486
"2009-06-26" 40.080002 40.599998 39.439999 39.57 7744300 27.695541
"2009-06-29" 39.669998 40.25 39.18 39.650002 6433700 27.751539
"2009-06-30" 39.580002 40.119999 39.02 39.470001 7532400 27.625547
"2009-07-01" 39.639999 39.830002 38.650002 38.689999 8747000 27.079613
"2009-07-02" 38.200001 38.27 37.119999 37.450001 8634700 26.211733
"2009-07-06" 37.049999 37.939999 36.82 37.599998 6713900 26.316719
"2009-07-07" 37.720001 37.740002 36.650002 36.75 6253100 25.721786
"2009-07-08" 36.990002 37.369999 36.360001 37.259998 8004500 26.078745
"2009-07-09" 38.959999 39.299999 38.310001 38.389999 15045300 26.869646
"2009-07-10" 38.549999 38.650002 37.5 37.799999 8503700 26.456703
"2009-07-13" 38.09 38.48 37.619999 38.34 8386900 26.834641
"2009-07-14" 38.459999 38.689999 37.75 38.57 7142300 26.995638
"2009-07-15" 38.990002 39.869999 38.82 39.77 9166800 27.835529
"2009-07-16" 39.700001 39.779999 38.580002 39.57 8019100 27.695541
"2009-07-17" 39.470001 39.639999 39.029999 39.560001 5700300 27.688534
"2009-07-20" 39.860001 39.970001 39.060001 39.939999 8204300 27.954517
"2009-07-21" 40.209999 40.25 39.240002 40.060001 8386000 28.038504
"2009-07-22" 39.580002 41.32 39.41 41.169998 8626900 28.815401
"2009-07-23" 41.169998 42.91 40.650002 42.240002 11859400 29.564314
"2009-07-24" 41.970001 42.779999 41.759998 42.709999 6885700 29.893257
"2009-07-27" 42.580002 42.860001 42.09 42.860001 4003600 29.998259
"2009-07-28" 42.59 43.23 42.34 43.209999 6203400 30.243227
"2009-07-29" 42.869999 43.950001 42.639999 43.580002 6422200 30.502197
"2009-07-30" 43.900002 44.439999 43.52 43.599998 4731900 30.516197
"2009-07-31" 43.450001 44.369999 43.220001 43.619999 11652200 30.530191
"2009-08-03" 43.950001 44 42.740002 43.040001 8215000 30.124233
"2009-08-04" 42.759998 42.970001 41.950001 42.169998 7865000 29.515312
"2009-08-05" 42.34 42.450001 41.52 41.810001 10085600 29.263353
"2009-08-06" 42.02 42.869999 41.57 41.709999 14009400 29.193354
"2009-08-07" 42.32 43.060001 41.810001 42.93 16928500 30.047241
"2009-08-10" 42.75 42.900002 41.599998 41.98 7899700 29.38233
"2009-08-11" 41.970001 42.740002 41.669998 42.200001 8287600 29.536314
"2009-08-12" 42.200001 42.939999 42.099998 42.509998 6333600 29.753283
"2009-08-13" 42.630001 42.650002 41.639999 42.240002 15854000 29.564314
"2009-08-14" 42.130001 42.650002 41.75 42.029999 7127600 29.417328
"2009-08-17" 41.299999 41.740002 41.209999 41.380001 7677100 28.962381
"2009-08-18" 43.560001 44.57 43.189999 44.32 20120100 31.148094
"2009-08-19" 44 45.630001 43.950001 45.049999 15959200 31.661121
"2009-08-20" 44.889999 45.5 44.709999 45.27 7820600 31.815752
"2009-08-21" 45.599998 45.869999 45.130001 45.66 6096600 32.089836
"2009-08-24" 45.889999 45.889999 45.09 45.169998 6538900 31.745468
"2009-08-25" 45.57 46.830002 45.27 46.470001 11087200 32.659107
"2009-08-26" 46.310001 47.689999 46.259998 47.419998 10179500 33.326775
"2009-08-27" 47.290001 47.549999 46.810001 47.290001 7195200 33.235409
"2009-08-28" 47.630001 47.630001 47.009998 47.389999 6601100 33.305676
"2009-08-31" 47.02 47.209999 46.5 47 8105400 33.031597
"2009-09-01" 46.720001 47.549999 46.32 46.580002 10369000 32.736416
"2009-09-02" 46.380001 46.779999 45.68 46.27 8034700 32.518536
"2009-09-03" 47.59 47.75 46.790001 47.07 12238200 33.080795
"2009-09-04" 47.169998 47.360001 46.869999 47.119999 6052800 33.115925
"2009-09-08" 47.43 47.669998 46.869999 47.310001 8562100 33.249462
"2009-09-09" 47.27 47.779999 46.990002 47.650002 8003400 33.488415
"2009-09-10" 47.669998 48.209999 47.400002 48.169998 6848500 33.853863
"2009-09-11" 48.25 48.450001 47.59 47.950001 6209800 33.699257
"2009-09-14" 47.689999 48.040001 47.32 47.419998 6682700 33.326775
"2009-09-15" 47.509998 47.950001 46.860001 47.509998 7104600 33.390015
"2009-09-16" 47.619999 48.5 47.619999 48.470001 6574700 34.064716
"2009-09-17" 48.360001 49.139999 48.330002 48.669998 7146800 34.205261
"2009-09-18" 48.84 48.93 48.48 48.790001 6274600 34.289612
"2009-09-21" 48.52 49.200001 47.849998 48.84 4071300 34.324749
"2009-09-22" 48.919998 48.959999 48.040001 48.16 6967400 33.846836
"2009-09-23" 48.169998 48.380001 47.5 47.560001 5619300 33.425167
"2009-09-24" 47.630001 48.040001 47 47.650002 5384200 33.488415
"2009-09-25" 47.689999 47.689999 46.150002 46.290001 8414600 32.532604
"2009-09-28" 46.57 47.830002 46.349998 47.709999 6022000 33.530579
"2009-09-29" 47.810001 48.169998 47.200001 47.279999 5473100 33.228382
"2009-09-30" 46.950001 47.189999 46.279999 46.68 9389200 32.80669
"2009-10-01" 46.52 47.040001 46 46.57 7220100 32.729385
"2009-10-02" 46.029999 46.540001 45.73 46.02 6094700 32.342857
"2009-10-05" 46.169998 47.110001 46.09 46.93 5453900 32.982399
"2009-10-06" 47.59 48.18 47.59 48.09 7075500 33.797642
"2009-10-07" 47.970001 48.66 47.849998 48.509998 7311700 34.092827
"2009-10-08" 47.700001 49.639999 47.52 49.34 12095400 34.676144
"2009-10-09" 49.41 49.950001 49.09 49.889999 8251400 35.062706
"2009-10-12" 50 50.75 49.540001 49.599998 7273000 34.858856
"2009-10-13" 49.630001 50.860001 49.610001 50.099998 7676500 35.21027
"2009-10-14" 50.919998 51.77 50.299999 51.349998 9284500 36.08876
"2009-10-15" 51.110001 51.150002 50 50.419998 8629800 35.435173
"2009-10-16" 50.27 50.330002 49.650002 50.080002 6769200 35.196213
"2009-10-19" 50.259998 50.700001 50.049999 50.389999 5167700 35.414082
"2009-10-20" 50.25 50.799999 49.509998 49.970001 4338200 35.118908
"2009-10-21" 50.259998 50.759998 48.810001 48.900002 7883100 34.366924
"2009-10-22" 49.009998 49.950001 48.82 49.490002 6838200 34.781559
"2009-10-23" 49.810001 50.200001 48.799999 49.029999 5971800 34.458286
"2009-10-26" 49.150002 50 48.619999 48.880001 4953000 34.352875
"2009-10-27" 48.880001 49.330002 48.16 48.450001 6532900 34.050644
"2009-10-28" 49.080002 49.580002 48.150002 48.240002 9569800 33.903088
"2009-10-29" 48.82 49.599998 48.5 49.529999 7408000 34.809666
"2009-10-30" 49.43 50.310001 48.400002 48.43 10165900 34.036598
"2009-11-02" 48.619999 49.689999 48.310001 49.34 7133200 34.676144
"2009-11-03" 49.119999 49.830002 48.66 49.25 7137700 34.612896
"2009-11-04" 49.400002 49.799999 49.119999 49.27 7232700 34.626945
"2009-11-05" 49.259998 49.779999 48.41 49.700001 8271500 34.929157
"2009-11-06" 49.599998 49.970001 49.150002 49.700001 5293300 34.929157
"2009-11-09" 49.939999 50.490002 49.549999 50.450001 8792600 35.456261
"2009-11-10" 50.43 50.849998 49.939999 50.490002 4833300 35.484375
"2009-11-11" 50.77 51.02 49.799999 50.110001 5304000 35.217308
"2009-11-12" 50.119999 50.389999 48.700001 48.93 9597800 34.387989
"2009-11-13" 48.98 49.119999 48.169998 48.990002 10022200 34.43018
"2009-11-16" 49.299999 50.34 49.25 50.290001 10966500 35.343811
"2009-11-17" 50.48 50.59 47.48 48.77 23494700 34.275543
"2009-11-18" 48.25 48.259998 47.720001 47.869999 11592500 33.760723
"2009-11-19" 47.939999 48.130001 47.48 47.900002 8746600 33.781872
"2009-11-20" 47.73 48.18 47.200001 47.459999 7729500 33.471554
"2009-11-23" 47.919998 47.93 47.16 47.259998 7176700 33.330509
"2009-11-24" 47.099998 47.549999 47.049999 47.459999 5863000 33.471554
"2009-11-25" 47.52 48.049999 47.380001 47.830002 4333900 33.732502
"2009-11-27" 46.919998 47.939999 46.619999 47.700001 4244300 33.640823
"2009-11-30" 47.450001 47.669998 45.990002 46.560001 12868200 32.836819
"2009-12-01" 47.080002 47.25 46.639999 46.779999 9542800 32.991974
"2009-12-02" 46.75 47.790001 46.669998 47.720001 11267200 33.65493
"2009-12-03" 47.080002 47.25 46.049999 46.349998 14367600 32.688705
"2009-12-04" 46.959999 47.189999 45.169998 45.639999 17511600 32.187977
"2009-12-07" 45.639999 46.5 45.639999 46.34 8642600 32.681664
"2009-12-08" 46.099998 46.200001 45.419998 45.869999 6370500 32.350204
"2009-12-09" 45.700001 45.73 45.110001 45.299999 6643500 31.948191
"2009-12-10" 45.540001 46.169998 45.169998 45.990002 7746300 32.43483
"2009-12-11" 46.169998 47.02 46.07 46.93 7553000 33.097767
"2009-12-14" 47.200001 47.91 46.919998 47.84 8979600 33.739552
"2009-12-15" 47.759998 47.900002 47.369999 47.66 7023300 33.61261
"2009-12-16" 47.880001 48 47.459999 47.48 5365900 33.485661
"2009-12-17" 47.34 47.939999 47.099998 47.5 7612000 33.499771
"2009-12-18" 47.66 48.360001 46.91 48.240002 10493400 34.021675
"2009-12-21" 48.389999 49.52 48.049999 49.330002 8023200 34.790394
"2009-12-22" 49.32 49.369999 48.389999 48.790001 5161200 34.409546
"2009-12-23" 48.959999 49.099998 48.459999 48.849998 4639600 34.451866
"2009-12-24" 48.82 49.220001 48.52 48.650002 1508900 34.310814
"2009-12-28" 48.619999 48.98 48.299999 48.450001 4196400 34.169735
"2009-12-29" 48.669998 48.75 48.389999 48.580002 3761400 34.261452
"2009-12-30" 48.419998 48.709999 48.240002 48.700001 2940700 34.346073
"2009-12-31" 48.790001 49.119999 48.310001 48.369999 3235900 34.113331
"2010-01-04" 48.470001 48.889999 48.400002 48.549999 4589100 34.240276
"2010-01-05" 48.509998 49.23 48.259998 48.73 4760100 34.367229
"2010-01-06" 48.59 49.700001 48.59 49.66 7217400 35.023121
"2010-01-07" 50.200001 50.790001 49.720001 50.27 12531000 35.453331
"2010-01-08" 50.049999 50.110001 49.580002 50.07 6512800 35.312275
"2010-01-11" 50.16 50.330002 49.740002 50.18 3751700 35.389858
"2010-01-12" 49.900002 49.98 48.959999 49.34 5472000 34.797443
"2010-01-13" 49.330002 49.66 49.110001 49.34 4793400 34.797443
"2010-01-14" 49.77 50.349998 49.599998 50.099998 7498700 35.333431
"2010-01-15" 49.860001 50.32 49.790001 50.169998 9093100 35.382797
"2010-01-19" 50.470001 51.400002 50 51.200001 9924900 36.109215
"2010-01-20" 50.779999 51.389999 50.57 50.720001 8591500 35.770699
"2010-01-21" 50.639999 51.32 49.700001 50.220001 9239600 35.418068
"2010-01-22" 50.02 51.099998 50.009998 50.380001 11722400 35.53091
"2010-01-25" 50.73 51.080002 50.209999 50.77 8908700 35.805977
"2010-01-26" 50.560001 52.459999 50.52 52.02 13054200 36.687515
"2010-01-27" 51.84 52.200001 51.52 51.959999 11010600 36.645214
"2010-01-28" 52.18 52.43 51.610001 51.91 8252700 36.609951
"2010-01-29" 52.259998 52.380001 51.27 51.27 9523400 36.158585
"2010-02-01" 51.549999 51.610001 50.700001 51.09 8797500 36.031643
"2010-02-02" 51.110001 51.169998 50.610001 50.82 13402900 35.841228
"2010-02-03" 50.689999 51 50.509998 50.599998 7192400 35.686081
"2010-02-04" 49.25 49.400002 48.23 49.07 15325900 34.607018
"2010-02-05" 48.599998 49.509998 48.509998 49.299999 7345800 34.769238
"2010-02-08" 49.259998 49.66 48.75 48.779999 4944100 34.402489
"2010-02-09" 49.150002 49.700001 48.779999 49.139999 4628400 34.656384
"2010-02-10" 49.02 49.32 48.610001 48.950001 4433700 34.522385
"2010-02-11" 48.849998 49.52 48.630001 49.16 4716400 34.670494
"2010-02-12" 48.790001 48.98 48.5 48.639999 8710900 34.303757
"2010-02-16" 49.299999 50.23 49.169998 50.09 5788600 35.326397
"2010-02-17" 50.279999 50.759998 50.169998 50.599998 5474300 35.80759
"2010-02-18" 50.369999 50.93 50.130001 50.740002 4882200 35.90667
"2010-02-19" 50.700001 51.080002 50.490002 50.73 5172500 35.899582
"2010-02-22" 50.790001 51.049999 50.560001 50.639999 4000300 35.835907
"2010-02-23" 49.900002 50.619999 48.799999 50.060001 15695000 35.425453
"2010-02-24" 50.200001 51.16 50.119999 50.990002 9273500 36.083584
"2010-02-25" 50.720001 51.130001 50.27 50.950001 8211800 36.055275
"2010-02-26" 51 51.630001 50.990002 51.52 4189600 36.458645
"2010-03-01" 51.77 52.34 51.490002 52.240002 4883600 36.968151
"2010-03-02" 52.169998 52.369999 51.470001 51.669998 4805300 36.564785
"2010-03-03" 51.77 51.919998 51.459999 51.68 3993500 36.571869
"2010-03-04" 52.400002 53.25 52.150002 52.939999 6891400 37.463524
"2010-03-05" 53.34 53.5 52.860001 53.490002 4503300 37.852734
"2010-03-08" 53.43 53.639999 53.240002 53.48 3261700 37.845646
"2010-03-09" 53.099998 53.380001 52.580002 52.860001 3597600 37.40691
"2010-03-10" 52.560001 53.299999 52.360001 52.639999 4164700 37.251221
"2010-03-11" 52.459999 52.919998 52.18 52.810001 3217600 37.371521
"2010-03-12" 53.110001 53.209999 52.490002 53.080002 3757400 37.562592
"2010-03-15" 52.900002 53.509998 52.860001 53.470001 3841300 37.838585
"2010-03-16" 53.470001 53.59 53.16 53.439999 2844600 37.817337
"2010-03-17" 53.599998 53.639999 52.98 53.18 3488500 37.633362
"2010-03-18" 53.279999 53.380001 52.77 53.040001 4068400 37.534286
"2010-03-19" 53.299999 53.389999 52.98 53.299999 5225500 37.718269
"2010-03-22" 53.040001 54 52.860001 53.880001 3767300 38.128716
"2010-03-23" 53.799999 54 53.209999 53.889999 3173600 38.135788
"2010-03-24" 53.619999 53.830002 53.119999 53.369999 4685500 37.767815
"2010-03-25" 53.630001 54 53.380001 53.450001 3540700 37.824425
"2010-03-26" 53.700001 54.459999 53.66 54.369999 4888000 38.475479
"2010-03-29" 54.529999 54.73 53.799999 53.959999 3607300 38.185329
"2010-03-30" 53.950001 54.32 53.419998 53.740002 3079300 38.029644
"2010-03-31" 53.509998 53.669998 52.240002 52.599998 6467400 37.222904
"2010-04-01" 52.759998 53.139999 52.650002 53.130001 5057800 37.597961
"2010-04-05" 53.290001 53.959999 52.669998 53.759998 4241000 38.043808
"2010-04-06" 53.630001 54.09 53.349998 54.09 4355700 38.277328
"2010-04-07" 53.919998 54.509998 53.709999 54.009998 6541800 38.220703
"2010-04-08" 54.810001 56.439999 54.259998 55.639999 11861900 39.374199
"2010-04-09" 55.93 56.130001 54.790001 55.669998 7134600 39.39542
"2010-04-12" 55.880001 56.220001 55.509998 55.98 4535500 39.614788
"2010-04-13" 55.959999 56.669998 55.869999 56.459999 5908500 39.954498
"2010-04-14" 56.470001 56.740002 56.02 56.740002 4475700 40.152622
"2010-04-15" 56.450001 56.759998 56.18 56.599998 3772300 40.053543
"2010-04-16" 56.32 56.450001 55.700001 55.990002 6310000 39.621891
"2010-04-19" 56.02 56.529999 54.880001 56.07 5624700 39.678497
"2010-04-20" 56.389999 56.529999 55.970001 56.139999 4167300 39.728024
"2010-04-21" 56.279999 57.830002 56.02 56.93 5472100 40.287083
"2010-04-22" 56.66 57.740002 56.580002 57.599998 4998100 40.761219
"2010-04-23" 57.52 58 57.02 57.939999 5318000 41.001816
"2010-04-26" 57.849998 58.52 57.459999 58.049999 5507300 41.079662
"2010-04-27" 57.799999 57.98 56.509998 56.669998 5898900 40.103085
"2010-04-28" 56.919998 57.32 56.18 56.610001 5192100 40.060627
"2010-04-29" 56.970001 57.540001 56.66 57.349998 3739500 40.584297
"2010-04-30" 57.459999 58.200001 56.43 56.869999 6571200 40.244617
"2010-05-03" 56.959999 57.619999 56.669998 56.990002 5127400 40.329552
"2010-05-04" 56.580002 56.68 55.169998 55.580002 6793900 39.331745
"2010-05-05" 55.200001 56.59 55.119999 56.060001 11130600 39.671398
"2010-05-06" 54.73 56.18 53.259998 55.02 14732900 38.93544
"2010-05-07" 54.740002 55.349998 52.689999 54.299999 11650400 38.425922
"2010-05-10" 55.939999 57.099998 55.57 56.669998 7906800 40.103085
"2010-05-11" 56.040001 56.990002 55.889999 56.279999 4479900 39.827114
"2010-05-12" 56.52 57.220001 56.009998 57.130001 4736900 40.428627
"2010-05-13" 57.02 57.040001 54.939999 55.07 7770500 38.970818
"2010-05-14" 55.07 56.189999 54.75 55.169998 8092800 39.041595
"2010-05-17" 55.470001 56.220001 54.66 56.049999 7600000 39.664337
"2010-05-18" 56.330002 56.700001 53.939999 54.220001 8566000 38.486042
"2010-05-19" 53.48 54.700001 53.029999 54.029999 10166400 38.351177
"2010-05-20" 53.27 54.25 52.630001 52.779999 10634700 37.463909
"2010-05-21" 51.830002 54.369999 51.830002 54.349998 11596600 38.578331
"2010-05-24" 54.200001 54.939999 53.830002 54.290001 6131100 38.535732
"2010-05-25" 53.09 54.599998 52.75 54.580002 8474100 38.741573
"2010-05-26" 55.09 55.09 53.43 53.59 9305500 38.038872
"2010-05-27" 54.369999 55.330002 53.830002 55.310001 5639800 39.259739
"2010-05-28" 55.310001 55.310001 54.360001 54.529999 5089600 38.706078
"2010-06-01" 54.27 55.119999 53.799999 53.91 4590900 38.266003
"2010-06-02" 54.009998 54.75 53.43 54.369999 6187400 38.592529
"2010-06-03" 55.110001 55.389999 54.040001 54.48 5819900 38.670609
"2010-06-04" 53.59 53.869999 52.349998 52.799999 6302600 37.478123
"2010-06-07" 52.98 53.509998 51.93 52 5748200 36.910275
"2010-06-08" 51.810001 52.82 51.810001 52.419998 6825600 37.208393
"2010-06-09" 52.689999 53.290001 52.150002 52.369999 6082200 37.172894
"2010-06-10" 53.07 53.650002 52.900002 53.610001 4915300 38.053051
"2010-06-11" 53.310001 53.98 52.939999 53.709999 3457800 38.124039
"2010-06-14" 54.099998 54.73 53.529999 54.049999 3905700 38.365368
"2010-06-15" 54.540001 54.84 53.950001 54.599998 4388200 38.755779
"2010-06-16" 54.23 54.540001 53.580002 54.18 4297800 38.457653
"2010-06-17" 54.59 54.59 53.259998 54.119999 5093000 38.415066
"2010-06-18" 54.290001 54.400002 53.580002 53.669998 8810100 38.095646
"2010-06-21" 53.970001 54.16 52.48 52.889999 8359000 37.541996
"2010-06-22" 53.150002 53.599998 51.900002 52.279999 9440200 37.10902
"2010-06-23" 52.32 53.060001 52.240002 52.669998 5855000 37.385834
"2010-06-24" 52.419998 52.419998 50.650002 50.73 9736000 36.008812
"2010-06-25" 50.860001 51.23 50.41 50.5 8414200 35.845551
"2010-06-28" 50.610001 50.93 49.720001 49.919998 6147700 35.433853
"2010-06-29" 49.330002 49.509998 48.23 49 10199500 34.78083
"2010-06-30" 49.040001 50.080002 48.84 49.169998 9576100 34.901489
"2010-07-01" 48.990002 49.84 48.299999 49.610001 10683000 35.213818
"2010-07-02" 49.669998 49.959999 49.200001 49.529999 5492400 35.157024
"2010-07-06" 50 50.360001 49.470001 49.93 8557300 35.440952
"2010-07-07" 49.93 50.48 49.5 50.43 7568800 35.795856
"2010-07-08" 50.939999 51.299999 49.43 50.02 9063700 35.504845
"2010-07-09" 49.970001 50.029999 49.400002 49.849998 5319100 35.384167
"2010-07-12" 49.650002 49.650002 48.810001 49.16 5637700 34.894405
"2010-07-13" 49.540001 50.27 49.09 49.889999 6053400 35.412563
"2010-07-14" 49.669998 49.779999 49.080002 49.650002 5210800 35.242199
"2010-07-15" 49.529999 50.950001 49.369999 50.790001 6685600 36.051388
"2010-07-16" 50.549999 50.919998 50.16 50.279999 8912200 35.689388
"2010-07-19" 50.57 50.57 49.75 50.23 4050100 35.653881
"2010-07-20" 49.75 51.150002 49.450001 51.029999 5492600 36.221752
"2010-07-21" 51.139999 51.139999 50 50.169998 4183300 35.611301
"2010-07-22" 50.700001 51.779999 50.599998 51.459999 4522500 36.526962
"2010-07-23" 51.32 51.889999 50.91 51.889999 5377500 36.832188
"2010-07-26" 51.75 52.970001 51.75 52.849998 5447000 37.513615
"2010-07-27" 52.84 52.990002 52 52.130001 4088300 37.002541
"2010-07-28" 52.07 52.639999 51.669998 51.799999 4252200 36.768299
"2010-07-29" 52.150002 52.689999 51.310001 51.509998 4624700 36.562458
"2010-07-30" 51.009998 51.48 50.790001 51.32 7277000 36.427593
"2010-08-02" 51.59 52 51.220001 51.75 5934100 36.732807
"2010-08-03" 51.529999 52.59 50.419998 50.98 5756500 36.186245
"2010-08-04" 51.240002 51.709999 51 51.5 4821700 36.555363
"2010-08-05" 52.330002 53.23 51.419998 52.860001 7022700 37.52071
"2010-08-06" 52.41 52.689999 51.560001 52.32 4869900 37.137409
"2010-08-09" 53.310001 53.700001 52.959999 53.349998 5365500 37.868515
"2010-08-10" 53.07 53.169998 52.380001 52.939999 3768200 37.577484
"2010-08-11" 52.240002 52.560001 51.98 52.009998 3712400 36.917366
"2010-08-12" 51.549999 52 51.25 51.810001 4206500 36.775402
"2010-08-13" 51.630001 51.66 50.740002 50.810001 3833900 36.065586
"2010-08-16" 50.5 50.919998 50.349998 50.720001 3128000 36.001701
"2010-08-17" 51.459999 51.650002 50.91 50.93 6146700 36.150768
"2010-08-18" 49.369999 52.32 49.369999 51.950001 16317000 37.056671
"2010-08-19" 51.860001 52.119999 51.310001 51.849998 8392900 36.985348
"2010-08-20" 51.68 52.330002 51.650002 52.150002 5527300 37.199337
"2010-08-23" 52.220001 52.59 51.900002 52.009998 4054500 37.099464
"2010-08-24" 51.560001 51.849998 50.810001 51.529999 6288500 36.757076
"2010-08-25" 51.290001 51.790001 51 51.57 10250600 36.785614
"2010-08-26" 51.619999 52.23 51.57 51.66 4969500 36.8498
"2010-08-27" 51.759998 52.23 51.330002 51.740002 6555200 36.906895
"2010-08-30" 51.599998 51.709999 50.740002 50.799999 5379200 36.236351
"2010-08-31" 50.650002 51.48 50.43 51.16 7301700 36.493141
"2010-09-01" 51.619999 52.639999 51.619999 52.240002 5222000 37.263546
"2010-09-02" 52.330002 52.950001 52.310001 52.549999 7957200 37.48465
"2010-09-03" 52.959999 53.540001 52.639999 52.830002 5570900 37.684391
"2010-09-07" 52.529999 53.040001 52.200001 52.330002 3280600 37.327732
"2010-09-08" 52.43 53.060001 52.360001 52.490002 5884300 37.441864
"2010-09-09" 52.869999 53.279999 52.470001 52.720001 3719000 37.605919
"2010-09-10" 52.720001 53.220001 52.68 53.060001 3418600 37.848454
"2010-09-13" 53.419998 53.59 52.990002 53.189999 3546300 37.941185
"2010-09-14" 53.330002 54.16 53.009998 53.75 5242100 38.340641
"2010-09-15" 53.560001 54.009998 53.400002 53.759998 3213000 38.347782
"2010-09-16" 53.52 54.07 53.23 53.959999 3294200 38.490437
"2010-09-17" 54.150002 54.27 53.650002 53.740002 5392300 38.333511
"2010-09-20" 53.950001 54.73 53.740002 54.599998 3603300 38.946957
"2010-09-21" 54.639999 54.639999 53.830002 54.07 4770000 38.568905
"2010-09-22" 54.09 54.360001 53.5 54.099998 3742600 38.590298
"2010-09-23" 53.599998 54.349998 53.369999 53.77 3246200 38.354904
"2010-09-24" 54.310001 55.279999 53.91 55.049999 4428600 39.267937
"2010-09-27" 54.82 55 54.18 54.389999 4152900 38.797161
"2010-09-28" 53.810001 54.759998 53.560001 54.529999 6355900 38.897026
"2010-09-29" 54.540001 54.540001 53.389999 53.540001 6166300 38.190842
"2010-09-30" 53.720001 54.07 53.23 53.439999 7182400 38.119503
"2010-10-01" 53.779999 53.939999 53.299999 53.470001 5092100 38.140926
"2010-10-04" 53.310001 53.639999 52.970001 53.419998 4672700 38.105247
"2010-10-05" 53.810001 54.279999 53.59 54.240002 5489900 38.690159
"2010-10-06" 54.07 54.48 53.779999 54.07 5683800 38.568905
"2010-10-07" 54.110001 54.599998 53.59 54.32 7053000 38.747223
"2010-10-08" 54.400002 54.669998 53.919998 54.200001 6613700 38.661625
"2010-10-11" 54.299999 55 54.240002 54.849998 4470300 39.125278
"2010-10-12" 54.869999 54.91 54.470001 54.740002 5787300 39.046829
"2010-10-13" 54.689999 55.080002 54.349998 54.419998 4053900 38.818565
"2010-10-14" 54.459999 54.619999 53.52 54.07 5660600 38.568905
"2010-10-15" 54.400002 54.59 53.970001 54.330002 4208600 38.754356
"2010-10-18" 54.220001 54.369999 53.75 54.040001 4347800 38.547504
"2010-10-19" 53.540001 54.040001 53.220001 53.5 5801900 38.162312
"2010-10-20" 53.669998 54.240002 53.349998 54.18 5154000 38.64735
"2010-10-21" 54.330002 54.950001 53.939999 54.209999 5364600 38.668762
"2010-10-22" 54.220001 54.419998 53.450001 53.869999 4816400 38.426243
"2010-10-25" 54.080002 54.529999 53.689999 53.759998 4156700 38.347782
"2010-10-26" 53.540001 53.740002 53.049999 53.139999 5379700 37.90551
"2010-10-27" 52.68 52.830002 51.849998 52.73 6471700 37.613049
"2010-10-28" 53.009998 53.049999 52.02 52.360001 6192800 37.349129
"2010-10-29" 52.16 52.220001 51.650002 51.939999 6469400 37.049541
"2010-11-01" 52.380001 53.860001 51.93 53.48 11881600 38.148045
"2010-11-02" 53.619999 54.25 53.139999 53.950001 5154300 38.483311
"2010-11-03" 53.959999 54.09 53.25 53.970001 5374100 38.49757
"2010-11-04" 54.790001 56.16 54.689999 54.759998 9336300 39.061089
"2010-11-05" 55.029999 55.349998 54.650002 55.150002 4515600 39.339287
"2010-11-08" 55.060001 55.139999 54.509998 54.900002 2714300 39.160954
"2010-11-09" 54.830002 55 54.25 54.459999 2978900 38.847095
"2010-11-10" 54.330002 54.59 53.880001 54.580002 3470200 38.932686
"2010-11-11" 54.220001 54.650002 53.990002 54.299999 3589000 38.73296
"2010-11-12" 54.09 54.619999 53.919998 54.189999 4188800 38.654503
"2010-11-15" 54.290001 54.540001 54.049999 54.16 3506800 38.633099
"2010-11-16" 54.16 54.5 53.310001 53.790001 5933800 38.369167
"2010-11-17" 54.84 55.849998 54.75 55.619999 10691900 39.859795
"2010-11-18" 56.23 56.630001 55.290001 55.32 7912900 39.644798
"2010-11-19" 55.400002 56.34 55.09 56.310001 9116300 40.354279
"2010-11-22" 56.349998 56.5 55.639999 55.77 6253200 39.967293
"2010-11-23" 55.48 55.880001 55.169998 55.240002 6330100 39.587467
"2010-11-24" 55.470001 57.34 55.470001 57.25 6958600 41.027916
"2010-11-26" 56.939999 57.25 56.59 56.849998 2051300 40.741264
"2010-11-29" 56.610001 56.630001 55.82 56.330002 5770800 40.36861
"2010-11-30" 55.98 57.450001 55.98 56.939999 6755500 40.805756
"2010-12-01" 57.599998 58.150002 57.25 58.02 5687500 41.579746
"2010-12-02" 58.049999 59.799999 57.439999 59.650002 10728500 42.747871
"2010-12-03" 59.18 59.380001 58.450001 59.119999 6837500 42.368057
"2010-12-06" 59 59.419998 58.779999 59.23 4132600 42.446869
"2010-12-07" 59.450001 60 59.029999 59.09 4622800 42.34655
"2010-12-08" 59.110001 59.32 58.630001 59.130001 2691700 42.375225
"2010-12-09" 59.52 59.689999 59 59.41 4661800 42.575886
"2010-12-10" 59.560001 59.919998 58.82 58.950001 3901400 42.246231
"2010-12-13" 59.23 59.43 58.650002 58.790001 3518600 42.131565
"2010-12-14" 58.98 59.400002 58.889999 59.080002 4123800 42.339382
"2010-12-15" 58.830002 59.220001 58.43 58.779999 4698700 42.124401
"2010-12-16" 58.830002 59.610001 58.790001 59.060001 3787800 42.32505
"2010-12-17" 58.869999 59.09 58.490002 58.52 6878700 41.938068
"2010-12-20" 58.84 58.91 58.34 58.599998 2830300 41.995399
"2010-12-21" 58.810001 59.959999 58.549999 59.700001 5601400 42.783703
"2010-12-22" 59.619999 60.650002 59.619999 60.029999 5428900 43.020203
"2010-12-23" 59.73 60.59 59.73 60.259998 3334400 43.185024
"2010-12-27" 60.060001 60.43 59.740002 60.049999 1676800 43.034534
"2010-12-28" 60.060001 60.509998 59.779999 59.91 2129600 42.934193
"2010-12-29" 59.950001 60.330002 59.810001 59.889999 2744200 42.919868
"2010-12-30" 59.869999 60.23 59.77 59.950001 1728000 42.962872
"2010-12-31" 59.939999 60.259998 59.73 60.130001 1988200 43.091869
"2011-01-03" 60.259998 60.970001 60.110001 60.77 5362000 43.550526
"2011-01-04" 60.639999 60.77 59.669998 59.990002 4105000 42.991539
"2011-01-05" 59.48 59.779999 58.610001 58.939999 7343400 42.239052
"2011-01-06" 55.810001 55.950001 54.290001 54.93 28555900 39.365314
"2011-01-07" 55.150002 55.23 54.740002 55.049999 12546400 39.451305
"2011-01-10" 55.299999 55.5 55.029999 55.220001 10861700 39.573143
"2011-01-11" 55.5 55.580002 55.009998 55.189999 8239700 39.551632
"2011-01-12" 55.380001 55.740002 55.049999 55.450001 8210400 39.737953
"2011-01-13" 56.279999 56.400002 55.200001 55.419998 7178800 39.716469
"2011-01-14" 55.509998 55.630001 54.990002 55.07 6340900 39.465641
"2011-01-18" 55.099998 55.310001 54.549999 54.630001 6383000 39.150326
"2011-01-19" 54.66 54.740002 53.860001 54.529999 11887700 39.078659
"2011-01-20" 54.950001 55.77 54.84 55.549999 7778100 39.80962
"2011-01-21" 55.880001 56.439999 55.68 55.73 5939300 39.938622
"2011-01-24" 55.580002 55.950001 54.849998 55.799999 5538100 39.988804
"2011-01-25" 55.650002 56.240002 55.5 55.950001 6268700 40.096291
"2011-01-26" 56.02 56.049999 55.57 55.59 4396700 39.838303
"2011-01-27" 55.41 55.790001 54.75 54.830002 9727600 39.293648
"2011-01-28" 54.810001 55.110001 54.27 54.349998 5657900 38.949665
"2011-01-31" 54.91 54.959999 54.43 54.830002 6002600 39.293648
"2011-02-01" 54.650002 55.040001 54.57 54.639999 6555100 39.157467
"2011-02-02" 54.43 54.560001 53.060001 53.459999 12448900 38.311844
"2011-02-03" 53.560001 54.279999 53.389999 54.060001 8349600 38.741817
"2011-02-04" 53.970001 54.5 53.720001 54.27 5221300 38.892326
"2011-02-07" 54.419998 54.900002 54.240002 54.799999 5203700 39.272152
"2011-02-08" 54.709999 55.529999 54.630001 55.389999 4720300 39.694969
"2011-02-09" 55.200001 55.34 54.830002 55.009998 4932600 39.422642
"2011-02-10" 54.91 54.970001 54.349998 54.560001 4399800 39.100159
"2011-02-11" 54.349998 54.599998 54.150002 54.389999 5743700 38.978313
"2011-02-14" 54.189999 54.189999 53.580002 53.630001 5850800 38.611145
"2011-02-15" 53.59 54.169998 53.509998 53.860001 5926400 38.776741
"2011-02-16" 53.959999 54.490002 53.59 53.740002 5313700 38.690342
"2011-02-17" 53.66 53.91 53.110001 53.150002 7465500 38.26556
"2011-02-18" 52.75 52.799999 51.75 51.900002 23068400 37.365616
"2011-02-22" 51.540001 51.75 50.970001 51.07 14844000 36.768059
"2011-02-23" 51.150002 51.240002 50 50.259998 17860500 36.184887
"2011-02-24" 50.75 52.450001 50.5 52 17166900 37.437622
"2011-02-25" 52.220001 52.709999 51.639999 52.360001 9493900 37.696804
"2011-02-28" 52.299999 52.720001 52.029999 52.549999 6727000 37.83358
"2011-03-01" 52.689999 52.98 52.470001 52.470001 10232600 37.776001
"2011-03-02" 52.599998 52.68 52 52.299999 9351300 37.653603
"2011-03-03" 52.150002 52.200001 51.25 52.080002 12971300 37.495216
"2011-03-04" 52.279999 52.5 51.450001 51.650002 11071900 37.185646
"2011-03-07" 51.82 52.150002 51.169998 51.299999 7924400 36.933647
"2011-03-08" 51.02 51.759998 50.900002 51.509998 8526200 37.084846
"2011-03-09" 51.349998 51.900002 50.990002 51.639999 4886100 37.17844
"2011-03-10" 51.240002 51.639999 51.029999 51.16 5221800 36.832844
"2011-03-11" 51.419998 52 51.060001 51.529999 5800500 37.099243
"2011-03-14" 51.349998 51.349998 50.82 51.07 4481500 36.768059
"2011-03-15" 50.380001 51.119999 50.099998 50.849998 5612400 36.609669
"2011-03-16" 50.700001 50.93 50.330002 50.66 5850400 36.472881
"2011-03-17" 51.049999 51.240002 50.150002 50.380001 5575800 36.271301
"2011-03-18" 50.59 50.68 49.450001 49.990002 15492100 35.990505
"2011-03-21" 50.990002 51.009998 50.389999 50.709999 6327900 36.508877
"2011-03-22" 50.619999 51.049999 50.439999 50.5 5525300 36.357693
"2011-03-23" 50.349998 50.5 50.07 50.240002 5720100 36.170498
"2011-03-24" 50.139999 50.759998 50.09 50.610001 6087100 36.436878
"2011-03-25" 50.560001 50.59 49.889999 49.950001 9873900 35.961712
"2011-03-28" 50.169998 50.220001 49.400002 49.549999 6259200 35.673733
"2011-03-29" 49.599998 49.68 49.029999 49.16 9378700 35.392944
"2011-03-30" 49.389999 50.34 49.23 50.259998 7642300 36.184887
"2011-03-31" 50.07 50.259998 49.77 50.009998 6268100 36.004913
"2011-04-01" 50.07 50.580002 50 50.360001 5934700 36.256889
"2011-04-04" 50.5 50.549999 49.759998 50.060001 5394900 36.040916
"2011-04-05" 49.849998 51.110001 49.849998 50.740002 6706200 36.530476
"2011-04-06" 51.049999 51.130001 50.759998 50.959999 5367400 36.688862
"2011-04-07" 50.5 50.669998 49.59 49.619999 12467800 35.724125
"2011-04-08" 49.400002 49.919998 49.099998 49.529999 8381400 35.659328
"2011-04-11" 49.529999 49.77 49.240002 49.259998 5478000 35.464947
"2011-04-12" 49.150002 50.580002 49.130001 50.439999 9932700 36.314487
"2011-04-13" 50.41 50.619999 49.869999 50.09 5796100 36.062508
"2011-04-14" 49.970001 50.279999 49.75 50.02 4161400 36.012112
"2011-04-15" 50.16 50.639999 50.040001 50.240002 5315100 36.170498
"2011-04-18" 49.939999 50.349998 49.650002 50.27 4212200 36.192101
"2011-04-19" 50.259998 50.290001 49.459999 49.82 7162700 35.868114
"2011-04-20" 50.259998 50.790001 49.970001 50.049999 5237400 36.033707
"2011-04-21" 50.099998 50.150002 49.799999 49.900002 4174400 35.925705
"2011-04-25" 49.869999 49.959999 49.490002 49.5 3665400 35.637726
"2011-04-26" 49.5 50.049999 49.5 49.849998 6400000 35.889721
"2011-04-27" 49.959999 50.779999 49.860001 50.59 5313100 36.422474
"2011-04-28" 50.5 50.849998 50.119999 50.220001 4713700 36.156105
"2011-04-29" 49.77 49.77 49.02 49.099998 9155000 35.349747
"2011-05-02" 49.34 49.459999 48.529999 48.799999 10163500 35.133766
"2011-05-03" 48.700001 49.34 48.509998 49.169998 7943800 35.40015
"2011-05-04" 49.220001 49.490002 48.700001 49.200001 8188600 35.421734
"2011-05-05" 49.029999 50.91 48.900002 50.34 13181300 36.242496
"2011-05-06" 50.799999 50.849998 50.439999 50.509998 8800100 36.36488
"2011-05-09" 50.470001 50.470001 49.810001 50 4757400 35.997704
"2011-05-10" 50.459999 50.610001 50.259998 50.470001 4612600 36.336102
"2011-05-11" 50.790001 51.240002 50.52 50.810001 7527400 36.580872
"2011-05-12" 50.93 51.939999 50.619999 51.759998 7932000 37.26482
"2011-05-13" 51.880001 52.119999 51.240002 51.52 6292800 37.092041
"2011-05-16" 51.330002 51.380001 50.240002 50.34 7049600 36.419212
"2011-05-17" 50.369999 50.849998 50.279999 50.779999 6113500 36.737537
"2011-05-18" 51.43 51.560001 48.799999 49.959999 20200000 36.144302
"2011-05-19" 49.880001 50.389999 49.099998 50.290001 7400700 36.383053
"2011-05-20" 50.02 50.099998 49.459999 49.689999 8131400 35.948975
"2011-05-23" 49.369999 49.830002 49.32 49.509998 4945800 35.818745
"2011-05-24" 49.509998 49.799999 49.110001 49.240002 6230400 35.623409
"2011-05-25" 49.07 49.509998 48.939999 49.360001 5864500 35.710228
"2011-05-26" 49.16 49.549999 48.990002 49.41 6416600 35.746384
"2011-05-27" 49.299999 49.619999 49.259998 49.369999 2940700 35.717453
"2011-05-31" 49.599998 49.77 49.299999 49.529999 5666600 35.833214
"2011-06-01" 49.610001 49.630001 48.529999 48.560001 8454600 35.131451
"2011-06-02" 48.73 48.779999 47.720001 47.950001 9610000 34.69014
"2011-06-03" 47.639999 47.970001 47.330002 47.400002 6389700 34.292229
"2011-06-06" 47.32 47.57 46.970001 47.360001 6071700 34.263294
"2011-06-07" 47.459999 47.959999 47 47.060001 6715000 34.046261
"2011-06-08" 47.060001 47.07 46.52 46.860001 7939200 33.901558
"2011-06-09" 46.990002 47.5 46.599998 47.16 6177900 34.118607
"2011-06-10" 47.139999 47.139999 46.509998 46.700001 6467800 33.785801
"2011-06-13" 46.73 46.869999 46.150002 46.43 5930000 33.590462
"2011-06-14" 46.799999 47.490002 46.790001 47.290001 7024100 34.21265
"2011-06-15" 47.029999 47.060001 46.459999 46.709999 5503700 33.793034
"2011-06-16" 46.68 46.970001 46.25 46.450001 5612100 33.604942
"2011-06-17" 46.75 47.27 46.490002 46.529999 9075600 33.662823
"2011-06-20" 46.490002 47.330002 46.400002 47.240002 5650000 34.176468
"2011-06-21" 47.349998 47.779999 47.150002 47.68 4958800 34.494808
"2011-06-22" 47.34 47.57 46.73 46.82 5489700 33.872616
"2011-06-23" 46.599998 47.650002 46.450001 47.630001 7581800 34.458618
"2011-06-24" 47.529999 47.630001 46.32 46.330002 12521200 33.518139
"2011-06-27" 45.93 46.540001 45.650002 46.459999 8301100 33.612175
"2011-06-28" 46.73 47.310001 46.48 46.689999 6258200 33.778564
"2011-06-29" 46.950001 47.060001 46.48 46.490002 5648200 33.633888
"2011-06-30" 46.669998 46.91 46.52 46.91 7011500 33.937737
"2011-07-01" 47.049999 47.970001 46.84 47.93 5428200 34.675659
"2011-07-05" 47.959999 48.049999 47.450001 47.549999 5600500 34.400757
"2011-07-06" 47.580002 48.77 47.580002 48.439999 6942600 35.044624
"2011-07-07" 51.790001 52.130001 51.330002 51.669998 22113000 37.381424
"2011-07-08" 51 51.439999 50.880001 51.139999 9819200 36.997986
"2011-07-11" 50.68 51.200001 50.509998 50.689999 4802800 36.672432
"2011-07-12" 50.75 51.459999 50.75 50.939999 5827000 36.853302
"2011-07-13" 51.27 51.310001 50.759998 50.830002 6394300 36.773716
"2011-07-14" 50.830002 51.099998 50.689999 50.790001 7170300 36.744781
"2011-07-15" 50.93 51.119999 50.389999 51.09 8227300 36.961811
"2011-07-18" 50.91 51 50.349998 50.59 5829100 36.600071
"2011-07-19" 51 51.349998 50.880001 51.299999 7117800 37.113743
"2011-07-20" 51.400002 51.490002 50.810001 50.959999 5782300 36.867767
"2011-07-21" 51.189999 52 51.16 51.73 6371000 37.424835
"2011-07-22" 51.810001 51.880001 51.349998 51.810001 3985300 37.482716
"2011-07-25" 51.389999 51.52 51.060001 51.139999 3376200 36.997986
"2011-07-26" 51.290001 51.349998 50.32 50.610001 5895500 36.614552
"2011-07-27" 50.48 50.779999 50.25 50.349998 5372900 36.426445
"2011-07-28" 50.349998 50.970001 50.299999 50.43 4263900 36.484325
"2011-07-29" 50.810001 51.830002 50.43 51.490002 9507500 37.251213
"2011-08-01" 51.669998 51.68 50.290001 51.099998 8813100 36.969051
"2011-08-02" 50.5 50.810001 48.93 48.950001 8307400 35.413601
"2011-08-03" 49.07 49.849998 48.57 49.75 9521800 35.992382
"2011-08-04" 49.610001 49.849998 47.700001 47.810001 12894500 34.588848
"2011-08-05" 48.34 48.860001 47.299999 48.650002 11255100 35.196564
"2011-08-08" 47.599998 48.130001 45.279999 46.439999 13016000 33.597702
"2011-08-09" 46.889999 49 46.540001 48.950001 14367600 35.413601
"2011-08-10" 48.259998 48.400002 46.610001 46.700001 9750200 33.785801
"2011-08-11" 47.02 47.93 46.77 47.27 12130700 34.198185
"2011-08-12" 47.93 48.880001 46.950001 48.48 6869900 35.073578
"2011-08-15" 48.68 48.720001 47.82 48.419998 5971100 35.030167
"2011-08-16" 48.110001 49.68 48.110001 49.369999 8853800 35.940128
"2011-08-17" 52.029999 52.259998 50.07 50.549999 21727300 36.799137
"2011-08-18" 49.52 50.84 48.950001 50.639999 14249600 36.864655
"2011-08-19" 50.029999 50.91 49.759998 49.919998 8574400 36.340511
"2011-08-22" 50.630001 50.700001 49.720001 50.049999 6144100 36.435158
"2011-08-23" 50.049999 50.689999 49.900002 50.630001 6226200 36.857388
"2011-08-24" 50.580002 51.43 50.25 51 4895800 37.126736
"2011-08-25" 50.959999 51.279999 50.119999 50.299999 4619700 36.617149
"2011-08-26" 50.09 51.16 49.549999 50.830002 4688400 37.002979
"2011-08-29" 51.299999 51.400002 50.77 51.34 4377000 37.374245
"2011-08-30" 51.130001 51.389999 50.52 50.959999 6497200 37.097603
"2011-08-31" 51.23 52 51.200001 51.669998 9410400 37.614479
"2011-09-01" 52.18 52.240002 50.810001 51.060001 7921800 37.170399
"2011-09-02" 50.639999 50.639999 49.709999 49.709999 4702400 36.187641
"2011-09-06" 48.77 49.41 48.360001 49.34 5175000 35.918301
"2011-09-07" 50.049999 50.580002 49.610001 50.580002 5700300 36.820992
"2011-09-08" 50.220001 51.41 49.900002 50.59 9835200 36.828274
"2011-09-09" 50.259998 50.52 49.509998 50.02 7976600 36.413315
"2011-09-12" 49.43 50.349998 49.080002 50.110001 5302500 36.478836
"2011-09-13" 50.139999 51.07 49.77 50.950001 6606200 37.090336
"2011-09-14" 51.310001 51.82 50.950001 51.279999 6868200 37.330566
"2011-09-15" 51.740002 51.869999 51.060001 51.700001 4925700 37.636326
"2011-09-16" 51.959999 53.389999 51.900002 52.66 11127500 38.335178
"2011-09-19" 51.919998 52.98 51.830002 52.759998 6356100 38.407974
"2011-09-20" 52.91 53.130001 52.259998 52.279999 4411200 38.058548
"2011-09-21" 52.040001 52.93 51.41 51.43 4833700 37.439766
"2011-09-22" 50.23 51.299999 48.619999 49.130001 13278100 35.765427
"2011-09-23" 49.07 49.68 48.810001 49.139999 8057700 35.772675
"2011-09-26" 49.52 50.77 49.380001 50.619999 5928600 36.850098
"2011-09-27" 51.310001 51.75 50.299999 50.43 7628300 36.711788
"2011-09-28" 50.419998 51.299999 49.84 49.990002 7616800 36.391472
"2011-09-29" 50.880001 50.959999 49.310001 50.23 7887500 36.5662
"2011-09-30" 49.740002 49.889999 49.009998 49.040001 8794500 35.699902
"2011-10-03" 48.68 49.200001 47.790001 47.799999 8410500 34.797207
"2011-10-04" 47.619999 49.540001 47.619999 49.470001 10200000 36.012928
"2011-10-05" 49.66 49.849998 49.07 49.759998 6120000 36.224045
"2011-10-06" 51.310001 52.419998 51 51.91 13756000 37.789192
"2011-10-07" 52.169998 52.349998 51 51.560001 7249800 37.534397
"2011-10-10" 52.07 52.709999 51.84 52.630001 4816900 38.313339
"2011-10-11" 52.259998 53.189999 51.84 53.07 6647000 38.633644
"2011-10-12" 53.009998 53.59 52.740002 52.75 5562700 38.400677
"2011-10-13" 52.400002 53.040001 52.27 52.73 4658000 38.386116
"2011-10-14" 53.009998 53.32 52.57 52.950001 4802100 38.546284
"2011-10-17" 52.66 53.200001 52.619999 52.900002 4042300 38.509884
"2011-10-18" 52.900002 54 52.630001 53.639999 5611600 39.048588
"2011-10-19" 53.560001 53.970001 53.169998 53.27 4203400 38.779236
"2011-10-20" 53.310001 53.82 52.939999 53.709999 4702300 39.099552
"2011-10-21" 54.130001 54.650002 53.849998 54.639999 5880900 39.776562
"2011-10-24" 54.41 55.18 54.41 54.720001 4376700 39.834808
"2011-10-25" 54.549999 54.900002 54.139999 54.400002 3881400 39.601852
"2011-10-26" 54.860001 55.470001 54.110001 55.150002 6543300 40.147839
"2011-10-27" 55.950001 56 54.860001 55.560001 7589200 40.446289
"2011-10-28" 55.290001 55.549999 54.799999 55.240002 5384900 40.213341
"2011-10-31" 54.73 55.400002 54.5 54.75 4293900 39.856628
"2011-11-01" 53.240002 53.310001 51.639999 52.610001 16462300 38.298775
"2011-11-02" 53.330002 54.150002 52.740002 52.919998 12183000 38.524448
"2011-11-03" 51.68 52.650002 51.119999 52.240002 10045000 38.029415
"2011-11-04" 52.07 52.349998 51.419998 52.169998 5265500 37.97847
"2011-11-07" 52.279999 52.869999 52.07 52.830002 3869400 38.458935
"2011-11-08" 53 53.139999 52.330002 53.049999 5203000 38.619095
"2011-11-09" 52.09 52.360001 51.529999 51.689999 5876900 37.629032
"2011-11-10" 52.130001 52.279999 51.549999 51.77 3927200 37.687267
"2011-11-11" 52 53.130001 51.98 53.07 4291900 38.633644
"2011-11-14" 52.5 53.02 52.290001 52.650002 3747000 38.545784
"2011-11-15" 52.529999 53.57 52.439999 53.18 6530100 38.933811
"2011-11-16" 54.700001 54.990002 52.849998 52.939999 13135800 38.758099
"2011-11-17" 53.389999 53.75 52.16 52.639999 6392700 38.538467
"2011-11-18" 52.810001 53.220001 52.200001 53 6125100 38.802017
"2011-11-21" 52.049999 52.779999 51.619999 52.540001 5908200 38.465252
"2011-11-22" 52.540001 53.009998 52.43 52.689999 5393100 38.575069
"2011-11-23" 52.189999 52.220001 51.529999 51.529999 5225000 37.72583
"2011-11-25" 51.66 51.869999 51.209999 51.209999 2330100 37.491547
"2011-11-28" 52.41 52.560001 51.349998 51.630001 4721200 37.799034
"2011-11-29" 51.970001 52.720001 51.650002 52.240002 5617300 38.245625
"2011-11-30" 53.18 53.25 51.889999 52.700001 9160800 38.58239
"2011-12-01" 52.77 53.189999 51.990002 52.150002 8934100 38.179729
"2011-12-02" 52.34 53.349998 52.34 52.880001 7522500 38.714184
"2011-12-05" 53.200001 53.470001 52.869999 53.32 4379000 39.036304
"2011-12-06" 53.349998 53.889999 53.029999 53.66 4199500 39.285217
"2011-12-07" 53.650002 54.189999 53.5 54.189999 8397100 39.673237
"2011-12-08" 53.84 54.299999 53.349998 53.470001 5069000 39.146122
"2011-12-09" 53.720001 53.900002 53.290001 53.5 3975800 39.168091
"2011-12-12" 53.419998 53.639999 53.02 53.470001 4388600 39.146122
"2011-12-13" 53.509998 53.639999 52.599998 52.810001 4487300 38.662918
"2011-12-14" 52.549999 52.82 52.25 52.48 3428000 38.421329
"2011-12-15" 52.880001 53.009998 51.990002 52.07 3650500 38.121159
"2011-12-16" 52.43 52.580002 51.799999 52.200001 4165300 38.216335
"2011-12-19" 52.169998 52.439999 51.299999 51.439999 3143300 37.659935
"2011-12-20" 51.970001 52.060001 51.130001 51.779999 6704400 37.908852
"2011-12-21" 51.689999 52.09 51.59 51.720001 6752600 37.864925
"2011-12-22" 51.709999 52.02 51.130001 51.27 5842800 37.535477
"2011-12-23" 51.509998 51.720001 51.110001 51.700001 3340800 37.850292
"2011-12-27" 51.48 52.220001 51.349998 52.110001 3652900 38.150448
"2011-12-28" 52.189999 52.34 51.650002 51.709999 2999400 37.857597
"2011-12-29" 51.900002 52.07 51.509998 51.68 3158100 37.83564
"2011-12-30" 51.740002 51.740002 51.220001 51.220001 2558900 37.498863
"2012-01-03" 51.889999 51.91 50.77 51.119999 7627900 37.425648
"2012-01-04" 51.049999 51.23 49.549999 50 14091600 36.605686
"2012-01-05" 48 48.779999 47.25 48.509998 19509400 35.514835
"2012-01-06" 48.810001 49.560001 48.48 48.950001 12595700 35.83696
"2012-01-09" 49.02 49.02 48.279999 48.57 6795300 35.558765
"2012-01-10" 48.779999 48.860001 48.529999 48.790001 6325500 35.71983
"2012-01-11" 48.549999 49.099998 48.509998 49.029999 3988300 35.895535
"2012-01-12" 49.630001 49.959999 49.060001 49.810001 7093700 36.466587
"2012-01-13" 49.650002 50.220001 49.48 49.82 6843600 36.473911
"2012-01-17" 49.93 50.139999 49.52 49.880001 5066600 36.51783
"2012-01-18" 49.029999 49.900002 48.740002 49.869999 9401000 36.510509
"2012-01-19" 49.950001 50.900002 49.560001 50.900002 7505900 37.264587
"2012-01-20" 51.110001 51.110001 49.959999 50.169998 7244800 36.730137
"2012-01-23" 50.169998 50.619999 49.93 50.150002 6324100 36.715504
"2012-01-24" 50.09 50.75 49.98 50.75 4341600 37.154774
"2012-01-25" 50.75 51.259998 50.470001 51.139999 5155700 37.440289
"2012-01-26" 51.220001 51.290001 50.259998 50.5 4860000 36.971745
"2012-01-27" 50.450001 50.790001 49.919998 50.049999 5636800 36.642292
"2012-01-30" 49.889999 50.52 49.75 50.330002 5347200 36.847286
"2012-01-31" 50.619999 51.099998 50.32 50.810001 6980700 37.1987
"2012-02-01" 51.209999 51.540001 51.009998 51.419998 6522900 37.645287
"2012-02-02" 52.68 52.889999 51.549999 52 9816200 38.06992
"2012-02-03" 52.290001 52.700001 52.049999 52.139999 6083200 38.172405
"2012-02-06" 51.970001 52.360001 51.799999 52.049999 3709700 38.106506
"2012-02-07" 51.91 52.540001 51.900002 52.41 4667200 38.370083
"2012-02-08" 52.400002 52.599998 52.209999 52.57 5568000 38.487217
"2012-02-09" 52.630001 52.790001 52.349998 52.700001 3284600 38.58239
"2012-02-10" 52.360001 52.439999 52.02 52.43 3216800 38.38472
"2012-02-13" 52.5 52.59 52.110001 52.360001 3114200 38.55407
"2012-02-14" 52.16 52.549999 52.060001 52.27 4438100 38.487816
"2012-02-15" 52.27 52.41 51.509998 51.810001 4806900 38.149097
"2012-02-16" 51.91 52.09 51.759998 51.93 3930100 38.237465
"2012-02-17" 52.240002 52.709999 52.119999 52.639999 5030200 38.760258
"2012-02-21" 52.790001 53.189999 52.310001 52.540001 5074400 38.686619
"2012-02-22" 52.529999 53.150002 52.25 52.970001 6773400 39.003242
"2012-02-23" 53.459999 54.82 52.610001 54.5 15638800 40.129818
"2012-02-24" 54.790001 55.459999 54.619999 55.220001 10355600 40.659977
"2012-02-27" 54.84 55.43 54.75 55.310001 6293700 40.726246
"2012-02-28" 55.279999 56.09 55.189999 56.009998 8244500 41.241684
"2012-02-29" 55.98 56.919998 55.849998 56.689999 11148500 41.742374
"2012-03-01" 56.59 56.91 56.200001 56.759998 8223000 41.793919
"2012-03-02" 56.59 56.900002 56.360001 56.59 3462100 41.668743
"2012-03-05" 56.709999 56.860001 56.119999 56.700001 4053900 41.749744
"2012-03-06" 56.240002 56.689999 56.119999 56.490002 6344500 41.595108
"2012-03-07" 56.529999 56.68 56.259998 56.639999 4776600 41.705563
"2012-03-08" 56.799999 57.389999 56.709999 57.23 5108000 42.139996
"2012-03-09" 57.360001 57.799999 57.299999 57.689999 4200000 42.478699
"2012-03-12" 57.77 58.09 57.700001 57.98 4660100 42.692242
"2012-03-13" 58.130001 58.549999 57.799999 58.48 5178800 43.060394
"2012-03-14" 58.57 58.790001 58.389999 58.599998 4766600 43.148762
"2012-03-15" 58.490002 58.849998 58.139999 58.75 4510700 43.259216
"2012-03-16" 58.82 58.950001 58.110001 58.41 5758900 43.00885
"2012-03-19" 58.369999 58.5 57.82 58.369999 4229300 42.979397
"2012-03-20" 57.869999 58.279999 57.639999 58.009998 5256500 42.714321
"2012-03-21" 58.16 58.41 57.540001 57.57 5421700 42.390335
"2012-03-22" 57.540001 57.939999 57.360001 57.93 4237700 42.655422
"2012-03-23" 57.970001 58.400002 57.619999 58.189999 4879700 42.846867
"2012-03-26" 58.32 58.950001 58.189999 58.860001 3876200 43.340202
"2012-03-27" 58.740002 58.84 58.189999 58.189999 4113200 42.846867
"2012-03-28" 58.509998 58.759998 58.029999 58.16 4566500 42.824768
"2012-03-29" 57.919998 58.040001 57.5 57.98 4237400 42.692242
"2012-03-30" 58.09 58.52 58.09 58.27 3724100 42.905762
"2012-04-02" 58.349998 58.450001 57.990002 58.290001 4146500 42.92049
"2012-04-03" 58.279999 58.43 57.549999 57.880001 4550600 42.618607
"2012-04-04" 57.560001 57.970001 57.009998 57.82 5985600 42.574417
"2012-04-05" 58.02 58.59 57.689999 57.720001 7552500 42.500793
"2012-04-09" 56.810001 57.700001 56.740002 57.52 5058800 42.353531
"2012-04-10" 57.25 57.360001 56.209999 56.400002 6011100 41.528835
"2012-04-11" 56.759998 57.259998 56.759998 57.200001 4447700 42.117901
"2012-04-12" 57.139999 57.98 57.02 57.93 4081000 42.655422
"2012-04-13" 57.82 58.060001 57.400002 57.43 4509800 42.287266
"2012-04-16" 57.549999 57.669998 57.139999 57.389999 4180600 42.257793
"2012-04-17" 57.5 57.790001 57.41 57.599998 3727300 42.41243
"2012-04-18" 57.529999 57.619999 57.349998 57.380001 2948400 42.250435
"2012-04-19" 57.5 57.59 56.669998 56.790001 3702900 41.815998
"2012-04-20" 56.93 57.389999 56.720001 57.279999 3609700 42.1768
"2012-04-23" 57 57.049999 56.209999 56.639999 3559000 41.705563
"2012-04-24" 56.830002 57.049999 56.41 56.73 3357200 41.771832
"2012-04-25" 56.990002 57.279999 56.59 56.830002 3518700 41.845459
"2012-04-26" 56.880001 57.75 56.799999 57.490002 3570700 42.331444
"2012-04-27" 57.639999 58.619999 57.310001 58.259998 4263700 42.898407
"2012-04-30" 58.060001 58.259998 57.48 57.939999 3920000 42.662788
"2012-05-01" 57.419998 58.380001 57.139999 58.009998 4872300 42.714321
"2012-05-02" 57.799999 57.98 56.98 57.98 7562500 42.692242
"2012-05-03" 57.529999 57.68 56.200001 56.549999 11344300 41.639294
"2012-05-04" 56.130001 56.419998 55.52 55.650002 5671300 40.976585
"2012-05-07" 55.700001 56.16 55.66 55.759998 3031200 41.057594
"2012-05-08" 55.459999 55.689999 54.950001 55.549999 3062500 40.902954
"2012-05-09" 55.279999 55.639999 55.029999 55.279999 2901600 40.704144
"2012-05-10" 55.650002 55.73 54.959999 55.310001 3462600 40.726246
"2012-05-11" 55.169998 56.110001 55.110001 55.43 3942400 40.81461
"2012-05-14" 54.91 55.540001 54.830002 54.919998 4174600 40.659134
"2012-05-15" 54.849998 55.490002 54.849998 55.080002 4383900 40.777588
"2012-05-16" 55.860001 56.450001 55.130001 55.32 9027300 40.955273
"2012-05-17" 55.27 55.509998 54.68 54.810001 6045500 40.577694
"2012-05-18" 55.07 56 54.91 55.459999 7144300 41.058903
"2012-05-21" 55.43 55.900002 54.93 55.830002 4779400 41.332832
"2012-05-22" 55.889999 56.900002 55.810001 56.669998 5777400 41.954708
"2012-05-23" 56.240002 56.889999 55.939999 56.779999 3956300 42.036137
"2012-05-24" 56.860001 57.389999 56.650002 57.25 4460600 42.384113
"2012-05-25" 57.43 57.709999 57.169998 57.619999 4293900 42.658035
"2012-05-29" 57.900002 58.169998 57.389999 58.130001 4792600 43.03561
"2012-05-30" 57.799999 57.84 57 57.790001 7232100 42.783894
"2012-05-31" 58.200001 58.459999 57.84 57.91 6856500 42.872738
"2012-06-01" 57.220001 57.470001 56.849998 57.200001 4809900 42.347095
"2012-06-04" 57.259998 57.799999 56.990002 57.57 6150600 42.621021
"2012-06-05" 56.93 57.509998 56.93 57.32 3994100 42.435928
"2012-06-06" 57.610001 57.799999 57.259998 57.5 6650600 42.569191
"2012-06-07" 58 58 57.27 57.32 5565600 42.435928
"2012-06-08" 57.240002 59.25 57.240002 59.200001 6426500 43.827759
"2012-06-11" 59.360001 59.400002 58.599998 58.700001 5272900 43.457603
"2012-06-12" 58.700001 58.900002 57.919998 58.16 5557700 43.057808
"2012-06-13" 58.209999 58.650002 57.810001 58.049999 4732900 42.976376
"2012-06-14" 58.220001 58.919998 58.139999 58.549999 4283300 43.346546
"2012-06-15" 58.919998 59 58.23 58.5 6014700 43.309528
"2012-06-18" 58.299999 58.799999 57.709999 58.470001 3834200 43.287315
"2012-06-19" 58.59 58.73 58.139999 58.700001 4519300 43.457603
"2012-06-20" 58.73 58.869999 58.09 58.5 3988400 43.309528
"2012-06-21" 58.619999 58.68 57.330002 57.400002 5399200 42.495163
"2012-06-22" 57.599998 57.830002 57.48 57.560001 5363300 42.613613
"2012-06-25" 57.240002 57.5 56.880001 57.23 3674100 42.369308
"2012-06-26" 57.259998 57.869999 57.240002 57.630001 3493200 42.665447
"2012-06-27" 57.459999 57.689999 57.150002 57.560001 3924200 42.613613
"2012-06-28" 57.32 57.560001 56.919998 57.459999 5162600 42.539581
"2012-06-29" 57.860001 58.25 56.93 58.189999 7682100 43.080021
"2012-07-02" 58.34 58.470001 57.779999 58.27 4113400 43.13924
"2012-07-03" 58.02 58.029999 57.330002 57.779999 3649200 42.776485
"2012-07-05" 57.389999 58.310001 56.700001 57.150002 6482300 42.310078
"2012-07-06" 56.799999 58.200001 56.709999 58.07 5031700 42.991184
"2012-07-09" 58.259998 58.290001 57.549999 58.040001 4662200 42.968975
"2012-07-10" 58.279999 59.490002 58.029999 59.23 8310600 43.849972
"2012-07-11" 59.360001 59.959999 59.169998 59.790001 9239500 44.264553
"2012-07-12" 59.68 60.23 59.27 59.880001 6516700 44.331192
"2012-07-13" 59.82 61.98 59.689999 61.950001 10553200 45.863686
"2012-07-16" 61.73 62.18 61.450001 61.5 6414400 45.530521
"2012-07-17" 60.68 61.400002 60.66 61.259998 7796100 45.352848
"2012-07-18" 61.099998 61.560001 60.869999 61.389999 4168400 45.449089
"2012-07-19" 61.529999 61.57 60.66 61.25 3446800 45.345448
"2012-07-20" 61.080002 61.599998 61 61.369999 3588800 45.434288
"2012-07-23" 60.779999 60.860001 60.25 60.439999 4260100 44.745777
"2012-07-24" 60.52 60.860001 60.169998 60.549999 3773300 44.827206
"2012-07-25" 60.73 60.880001 60 60.360001 3253100 44.686558
"2012-07-26" 61.150002 61.380001 60.700001 61.060001 3230700 45.204796
"2012-07-27" 61.25 61.880001 61.220001 61.52 3561400 45.545334
"2012-07-30" 61.369999 62.16 61.290001 62.040001 3638100 45.930302
"2012-07-31" 60.98 61.209999 60 60.650002 7223800 44.901237
"2012-08-01" 60.880001 60.990002 60.119999 60.619999 4844100 44.879025
"2012-08-02" 60.880001 62.099998 60.549999 61.970001 5299500 45.878479
"2012-08-03" 62.43 62.860001 62.060001 62.360001 3918100 46.167221
"2012-08-06" 62.549999 62.900002 62.389999 62.389999 2415900 46.189411
"2012-08-07" 62.59 62.91 62.360001 62.639999 3409000 46.374516
"2012-08-08" 62.419998 63 62.209999 62.939999 2821900 46.596611
"2012-08-09" 62.950001 62.970001 62.509998 62.689999 2817600 46.41153
"2012-08-10" 62.759998 62.889999 62.380001 62.84 2934600 46.522568
"2012-08-13" 62.619999 62.619999 62.23 62.509998 3507900 46.544914
"2012-08-14" 62.73 63.470001 62.650002 63.380001 4780800 47.192715
"2012-08-15" 64.370003 64.989998 64.120003 64.5 9058900 48.026665
"2012-08-16" 64.440002 64.540001 63.639999 63.91 5735300 47.587353
"2012-08-17" 63.849998 64.139999 63.77 64.139999 3022800 47.758606
"2012-08-20" 64 64.110001 63.43 63.639999 4224900 47.386303
"2012-08-21" 63.889999 64.330002 63.700001 64.129997 4477900 47.75116
"2012-08-22" 64.129997 64.349998 63.450001 63.68 2676200 47.416107
"2012-08-23" 63.5 63.599998 62.700001 62.990002 2863600 46.902313
"2012-08-24" 63 63.799999 62.98 63.689999 2764700 47.423546
"2012-08-27" 63.66 63.68 63.240002 63.360001 2389500 47.177822
"2012-08-28" 63.43 64.5 63.310001 63.810001 4541800 47.51289
"2012-08-29" 63.849998 64.5 63.75 64.260002 4765500 47.847965
"2012-08-30" 64.32 64.559998 63.970001 64.160004 3491400 47.773518
"2012-08-31" 64.529999 64.550003 64 64.089996 3869900 47.721371
"2012-09-04" 64 64.110001 63.639999 63.84 3254100 47.535229
"2012-09-05" 63.950001 64.209999 63.509998 63.73 2646200 47.453312
"2012-09-06" 64.050003 64.860001 63.849998 64.860001 2993000 48.294731
"2012-09-07" 64.860001 64.970001 63.869999 64 3875800 47.654366
"2012-09-10" 64.260002 64.93 64.029999 64.800003 3834400 48.250057
"2012-09-11" 64.57 64.650002 64.269997 64.480003 3435800 48.011784
"2012-09-12" 64.5 64.839996 64.129997 64.379997 2308500 47.937317
"2012-09-13" 64.220001 65.099998 64.150002 65.059998 2735000 48.443645
"2012-09-14" 65.089996 65.089996 64.360001 64.669998 4480000 48.153252
"2012-09-17" 64.650002 64.75 64.18 64.410004 4111200 47.959652
"2012-09-18" 64.25 64.349998 63.709999 64.279999 3850400 47.862858
"2012-09-19" 64.339996 65.379997 64.290001 65.010002 3402500 48.40641
"2012-09-20" 64.919998 65.589996 64.550003 65.400002 3233000 48.696808
"2012-09-21" 65.489998 65.800003 65.260002 65.440002 4156300 48.726601
"2012-09-24" 65.309998 65.419998 65 65.150002 2544200 48.510662
"2012-09-25" 65.550003 65.599998 64.360001 64.379997 3114800 47.937317
"2012-09-26" 64.360001 64.440002 63.759998 63.830002 3477400 47.52779
"2012-09-27" 63.700001 63.810001 62.450001 63.59 6441100 47.349087
"2012-09-28" 63.529999 63.880001 62.98 63.470001 4026900 47.259727
"2012-10-01" 63.18 63.849998 62.830002 62.990002 4207900 46.902313
"2012-10-02" 63.16 63.5 62.77 62.98 3012200 46.894871
"2012-10-03" 63.209999 63.490002 62.990002 63.09 4071500 46.97678
"2012-10-04" 63.799999 64.040001 63.330002 63.650002 4024700 47.393757
"2012-10-05" 64 64.410004 63.950001 64.18 3802100 47.788399
"2012-10-08" 64.059998 64.199997 63.720001 63.990002 2360100 47.646915
"2012-10-09" 63.91 64.059998 62.889999 62.889999 2170600 46.827858
"2012-10-10" 63 63.369999 62.610001 62.66 3435300 46.656609
"2012-10-11" 63.099998 63.119999 61.220001 61.25 5255800 45.606724
"2012-10-12" 61.32 62.080002 61.27 61.52 4323800 45.807758
"2012-10-15" 61.610001 62.009998 61.32 61.810001 3218100 46.023697
"2012-10-16" 62.25 62.990002 62.110001 62.900002 3846400 46.835312
"2012-10-17" 62.990002 63.419998 62.48 63.040001 3370600 46.939548
"2012-10-18" 63.119999 63.490002 62.52 62.939999 2614500 46.865078
"2012-10-19" 62.869999 63.02 61.830002 62.23 3780300 46.336418
"2012-10-22" 61.959999 62.34 61.790001 62.209999 3110600 46.321541
"2012-10-23" 61.869999 62.93 61.700001 62.639999 5359100 46.641724
"2012-10-24" 62.91 62.959999 62.52 62.830002 3297300 46.783192
"2012-10-25" 63.09 63.27 62.639999 63.119999 3454600 46.999115
"2012-10-26" 63.43 64.230003 63.32 63.919998 5307700 47.594795
"2012-10-31" 64.190002 64.190002 63.279999 63.75 5837500 47.468231
"2012-11-01" 62.970001 63.73 62.689999 62.939999 6155000 46.865078
"2012-11-02" 63.330002 63.43 62.619999 62.709999 3711500 46.693829
"2012-11-05" 63.169998 63.610001 63.080002 63.400002 3981200 47.207611
"2012-11-06" 63.599998 63.900002 63.299999 63.389999 4005100 47.200157
"2012-11-07" 63.02 63.220001 62.32 62.790001 5058700 46.753414
"2012-11-08" 62.91 63.139999 61.82 61.82 4568400 46.031139
"2012-11-09" 61.689999 62.43 61.509998 62.02 3963600 46.180058
"2012-11-12" 62.049999 62.299999 61.610001 61.98 2295500 46.15028
"2012-11-13" 61.830002 62.919998 61.650002 62.09 3617600 46.232189
"2012-11-14" 62.110001 62.689999 61.02 61.380001 5525600 45.703526
"2012-11-15" 62.23 62.98 61.139999 62.439999 8896000 46.492798
"2012-11-16" 62.369999 62.66 61.889999 62.5 3858000 46.537483
"2012-11-19" 62.880001 63.240002 62.630001 63.009998 5390100 47.189018
"2012-11-20" 63 63.119999 62.529999 63 4713100 47.181545
"2012-11-21" 63.040001 63.82 62.889999 63.720001 4447800 47.72076
"2012-11-23" 64.099998 64.5 63.689999 64.480003 1819100 48.289932
"2012-11-26" 64.120003 64.120003 62.59 62.779999 6499400 47.016773
"2012-11-27" 62.869999 63.380001 62.52 62.57 5039900 46.859493
"2012-11-28" 62.509998 62.98 62.27 62.810001 4891800 47.039242
"2012-11-29" 61.189999 62.849998 61.189999 62.790001 8909700 47.024265
"2012-11-30" 62.669998 63.240002 62.07 63.130001 6041000 47.278889
"2012-12-03" 63.099998 63.200001 62.209999 62.299999 3570400 46.657299
"2012-12-04" 62.310001 62.310001 61.349998 61.990002 4571400 46.425133
"2012-12-05" 62.049999 62.299999 61.279999 62.040001 6021500 46.462566
"2012-12-06" 62.080002 62.5 61.700001 62.200001 3285700 46.582397
"2012-12-07" 62.369999 62.389999 61.860001 62.279999 3634700 46.642307
"2012-12-10" 62.18 62.27 61.709999 61.959999 3901900 46.402672
"2012-12-11" 62.009998 62.25 61.220001 61.43 6364800 46.005741
"2012-12-12" 61.48 61.73 60.450001 60.540001 8309800 45.339214
"2012-12-13" 60.650002 61.43 60.560001 61.25 4233600 45.870937
"2012-12-14" 60.970001 61.299999 60.470001 60.5 3369100 45.309261
"2012-12-17" 60.540001 61.169998 60.139999 61.09 4928200 45.751114
"2012-12-18" 61.18 62.279999 61.150002 62.279999 5146900 46.642307
"2012-12-19" 62.139999 62.279999 61.509998 61.52 4660100 46.073139
"2012-12-20" 60.700001 61.029999 59.860001 60.360001 8178600 45.204395
"2012-12-21" 60.130001 60.25 59.41 59.599998 8667800 44.635227
"2012-12-24" 59.560001 59.82 59.450001 59.540001 1714400 44.59029
"2012-12-26" 59.470001 59.540001 58.68 59.209999 4671500 44.343155
"2012-12-27" 59.07 59.310001 58.490002 58.93 3724100 44.133457
"2012-12-28" 58.73 59.619999 58.540001 58.57 3477200 43.86385
"2012-12-31" 58.5 59.200001 58.299999 59.169998 3926700 44.313187
"2013-01-02" 58.57 59.189999 58.009998 58.82 9523000 44.051075
"2013-01-03" 60.549999 60.779999 59.459999 60.16 10665800 45.054623
"2013-01-04" 60.720001 60.790001 59.900002 60.580002 5249300 45.369164
"2013-01-07" 60.52 61.439999 60.369999 61.299999 4896500 45.908375
"2013-01-08" 61.099998 61.119999 60.290001 60.639999 4928700 45.414089
"2013-01-09" 60.73 60.77 60.139999 60.18 4431400 45.069614
"2013-01-10" 60.380001 60.470001 59.889999 60.310001 4747500 45.166958
"2013-01-11" 60.169998 60.529999 59.990002 60.07 4481800 44.987221
"2013-01-14" 59.990002 60.5 59.720001 60.389999 4444800 45.226868
"2013-01-15" 60.41 61.5 60.16 61.09 4692200 45.751114
"2013-01-16" 60.970001 61.540001 60.880001 61.32 4192500 45.923374
"2013-01-17" 61.5 61.790001 61.240002 61.459999 3597900 46.028198
"2013-01-18" 61.490002 61.689999 61.299999 61.529999 3675300 46.080631
"2013-01-22" 61.529999 61.68 61.290001 61.490002 2473200 46.05069
"2013-01-23" 61.299999 61.580002 60.790001 61.040001 3596600 45.713676
"2013-01-24" 61.299999 62.130001 61.23 61.860001 4844000 46.327782
"2013-01-25" 62 62.119999 61.349998 61.540001 4552100 46.088123
"2013-01-28" 61.580002 61.650002 60.759998 61.130001 3887000 45.781071
"2013-01-29" 61.18 61.720001 60.959999 61.34 3695400 45.938332
"2013-01-30" 61.419998 61.52 60.869999 60.98 3644800 45.668728
"2013-01-31" 60.830002 61.18 60.41 60.41 5309700 45.241848
"2013-02-01" 60.939999 61.560001 60.82 61.150002 4707900 45.796043
"2013-02-04" 61 61.099998 60.330002 60.849998 4085200 45.571365
"2013-02-05" 61.439999 62.66 61.34 62.400002 6969600 46.732182
"2013-02-06" 62.139999 62.849998 61.900002 62.689999 6060000 46.949368
"2013-02-07" 62.599998 62.869999 61.990002 62.299999 6032900 46.657299
"2013-02-08" 62.18 63.009998 62.18 62.490002 4136600 46.79958
"2013-02-11" 62.48 62.669998 61.849998 62.669998 3516900 46.934387
"2013-02-12" 62.580002 62.84 62.34 62.73 3379400 46.979324
"2013-02-13" 63 63.279999 62.43 62.689999 4807100 46.949368
"2013-02-14" 62.689999 63.330002 62.580002 63.09 5352200 47.248924
"2013-02-15" 62.450001 62.599998 60.740002 61.709999 14611300 46.480648
"2013-02-19" 61.790001 62.060001 61.439999 61.869999 6881500 46.601166
"2013-02-20" 61.98 63.209999 61.619999 62.650002 6561200 47.188679
"2013-02-21" 62.68 63.880001 62.52 63.400002 7221800 47.753586
"2013-02-22" 63.48 63.889999 62.98 63.599998 5342900 47.904221
"2013-02-25" 63.630001 63.799999 62.889999 62.889999 6177100 47.369457
"2013-02-26" 63.099998 64.300003 63.049999 64.050003 8096600 48.243176
"2013-02-27" 62.310001 63.75 61.68 63.119999 13623700 47.542683
"2013-02-28" 63.23 64.089996 62.459999 62.959999 8465700 47.422169
"2013-03-01" 63.220001 64.389999 63.220001 64.129997 6536100 48.303425
"2013-03-04" 64.879997 66.919998 64.650002 66.440002 12363500 50.043346
"2013-03-05" 66.5 66.839996 65.830002 66.68 5927600 50.224129
"2013-03-06" 66.720001 66.900002 66.040001 66.120003 4301900 49.802334
"2013-03-07" 66.220001 66.25 65.669998 65.849998 4017900 49.598965
"2013-03-08" 66.110001 66.470001 65.709999 66.349998 3827600 49.975552
"2013-03-11" 66.349998 67.370003 65.889999 67.339996 4984400 50.721226
"2013-03-12" 67.18 67.559998 66.970001 67.110001 4140300 50.547993
"2013-03-13" 66.790001 67.480003 66.599998 67.43 3636200 50.789028
"2013-03-14" 67.5 67.5 66.870003 67.339996 3294000 50.721226
"2013-03-15" 67.050003 67.290001 66.519997 66.800003 5945700 50.314499
"2013-03-18" 66.519997 67.059998 66.300003 66.760002 3573400 50.284378
"2013-03-19" 67.010002 67.190002 65.959999 66.459999 4063000 50.058418
"2013-03-20" 66.970001 68.870003 66.900002 68.519997 7924900 51.610031
"2013-03-21" 68.120003 68.269997 67.419998 68.050003 4789600 51.256027
"2013-03-22" 68.239998 68.75 68.040001 68.419998 3167100 51.534702
"2013-03-25" 68.730003 68.889999 68.169998 68.410004 4260200 51.527195
"2013-03-26" 68.419998 68.769997 67.949997 68.610001 3327400 51.677826
"2013-03-27" 68.489998 69.839996 68.489998 69.050003 4590800 52.00922
"2013-03-28" 69.190002 69.43 68.309998 68.449997 3982000 51.557312
"2013-04-01" 68.300003 68.830002 68.25 68.660004 2734100 51.715473
"2013-04-02" 68.959999 69.110001 68.309998 68.830002 2884500 51.843517
"2013-04-03" 68 68.559998 67.550003 67.980003 6136300 51.2033
"2013-04-04" 68.190002 68.830002 68.190002 68.790001 3540300 51.813408
"2013-04-05" 68.269997 68.889999 67.860001 68.849998 3800300 51.858578
"2013-04-08" 68.900002 69.489998 68.800003 69.260002 2874200 52.167404
"2013-04-09" 69.379997 69.459999 68.779999 68.919998 2918700 51.911316
"2013-04-10" 69.010002 69.239998 68.68 68.860001 3128100 51.866123
"2013-04-11" 69.080002 69.910004 68.980003 69.120003 3962900 52.061951
"2013-04-12" 69.040001 69.709999 69.040001 69.489998 2286200 52.340641
"2013-04-15" 69.190002 69.660004 68.459999 68.480003 3046400 51.579899
"2013-04-16" 67.650002 68.68 67.400002 68.379997 7288400 51.504578
"2013-04-17" 68.379997 68.93 68.120003 68.760002 4696400 51.79081
"2013-04-18" 68.730003 68.849998 67.809998 68.290001 3982200 51.436783
"2013-04-19" 68.809998 69.220001 68.120003 69.040001 4073600 52.001705
"2013-04-22" 68.93 69.190002 68.360001 69.099998 2793400 52.04689
"2013-04-23" 69.209999 69.919998 69.089996 69.690002 3289700 52.491283
"2013-04-24" 69.900002 70.5 69.32 69.709999 3834100 52.506359
"2013-04-25" 69.949997 70.989998 69.849998 70.669998 3316500 53.229427
"2013-04-26" 70.540001 70.980003 70.459999 70.519997 2514100 53.116451
"2013-04-29" 70.599998 70.75 70.379997 70.639999 2295100 53.206867
"2013-04-30" 70.540001 70.639999 70.129997 70.559998 2877600 53.14658
"2013-05-01" 70.449997 70.830002 70.330002 70.540001 2400800 53.131519
"2013-05-02" 69.540001 69.75 68.75 69.190002 9431500 52.114681
"2013-05-03" 69.660004 70.720001 69.43 70.5 4902300 53.101387
"2013-05-06" 70.360001 70.360001 69.739998 70.029999 3068500 52.747372
"2013-05-07" 70.239998 70.75 70.050003 70.550003 3027900 53.13905
"2013-05-08" 70.449997 70.449997 69.57 69.800003 3741000 52.574139
"2013-05-09" 69.900002 70.080002 69.370003 69.480003 3659000 52.333118
"2013-05-10" 68.93 69.739998 68.900002 69.739998 3995100 52.528934
"2013-05-13" 69.470001 69.699997 69.050003 69.440002 2877100 52.574379
"2013-05-14" 69.470001 69.800003 69.139999 69.440002 3773500 52.574379
"2013-05-15" 69.57 70.470001 69.510002 70.389999 5177000 53.293648
"2013-05-16" 69.830002 70.349998 69.660004 70 4066800 52.998363
"2013-05-17" 70.019997 71.239998 70.019997 71.059998 4405700 53.800888
"2013-05-20" 70.910004 71.099998 70.32 70.650002 2445000 53.490486
"2013-05-21" 70.68 71.910004 70.440002 71.260002 5386100 53.952335
"2013-05-22" 69.510002 69.699997 67.580002 68.400002 16202100 51.786964
"2013-05-23" 67.75 69.269997 67.629997 68.669998 8516700 51.991394
"2013-05-24" 68.470001 69.730003 68.269997 69.720001 5412500 52.786377
"2013-05-28" 70.300003 71.040001 69.230003 69.510002 6160200 52.627369
"2013-05-29" 69.379997 69.889999 69.190002 69.419998 4838900 52.559231
"2013-05-30" 69.480003 70.550003 69.440002 69.82 4776900 52.862076
"2013-05-31" 69.720001 70.580002 69.459999 69.5 5653600 52.619804
"2013-06-03" 69.5 71.129997 69.440002 71.050003 5941100 53.793339
"2013-06-04" 71.870003 72.769997 71.370003 71.510002 8030400 54.141624
"2013-06-05" 71.580002 71.739998 69.849998 70.169998 5569100 53.127068
"2013-06-06" 70.260002 70.269997 69.559998 70.260002 5559900 53.19521
"2013-06-07" 70.489998 70.879997 69.889999 70.360001 5114900 53.270931
"2013-06-10" 70.330002 70.75 69.709999 69.879997 4239200 52.907509
"2013-06-11" 69.559998 70.559998 69.540001 70 2887500 52.998363
"2013-06-12" 70.349998 70.650002 69.120003 69.43 4104200 52.566807
"2013-06-13" 69.43 69.809998 69.110001 69.589996 3183600 52.687939
"2013-06-14" 69.379997 69.629997 68.949997 69.029999 3953500 52.26395
"2013-06-17" 69.089996 70 69.089996 69.860001 3079700 52.892361
"2013-06-18" 69.849998 70.220001 69.599998 70.160004 2357200 53.119499
"2013-06-19" 70.150002 70.330002 68.75 68.879997 4931700 52.150379
"2013-06-20" 68.410004 69.089996 68.370003 68.660004 5632600 51.983818
"2013-06-21" 69.089996 69.279999 68.32 68.830002 4934300 52.112518
"2013-06-24" 68.190002 68.739998 67.839996 68.290001 4000100 51.703678
"2013-06-25" 68.620003 69.349998 68.470001 69.129997 3587500 52.339676
"2013-06-26" 69.5 69.519997 68.830002 69.120003 3708300 52.332085
"2013-06-27" 69.559998 69.639999 68.57 68.790001 4950200 52.08226
"2013-06-28" 68.639999 69.199997 68.529999 68.860001 7715800 52.135254
"2013-07-01" 69.190002 70.059998 69.110001 69.330002 2638200 52.4911
"2013-07-02" 69.379997 70.360001 69.290001 69.559998 3162300 52.66523
"2013-07-03" 69.18 69.449997 68.959999 69.379997 1590100 52.528957
"2013-07-05" 69.860001 70.459999 69.639999 70.25 2281700 53.187649
"2013-07-08" 70.459999 71.220001 70.349998 71.18 3742900 53.891769
"2013-07-09" 71.220001 71.970001 71.220001 71.769997 3923600 54.338474
"2013-07-10" 71.82 72.230003 71.410004 72.029999 2623400 54.535301
"2013-07-11" 72.440002 72.940002 72.099998 72.57 3233300 54.944153
"2013-07-12" 71.849998 72.559998 71.699997 72.559998 2711900 54.936573
"2013-07-15" 72.480003 72.639999 72.139999 72.349998 2145300 54.777592
"2013-07-16" 72.459999 72.599998 72.010002 72.07 2165100 54.565617
"2013-07-17" 72.129997 72.650002 72 72.610001 2336600 54.974449
"2013-07-18" 72.739998 73 72.199997 72.419998 2502200 54.830593
"2013-07-19" 72.550003 72.830002 72.379997 72.550003 4077200 54.929024
"2013-07-22" 72.639999 73.080002 72.57 73.029999 2298500 55.292427
"2013-07-23" 73 73.360001 72.809998 73.25 2717600 55.459003
"2013-07-24" 73.410004 73.5 73.029999 73.32 2670000 55.511986
"2013-07-25" 73.07 73.160004 71.18 71.82 5589600 54.37632
"2013-07-26" 71.57 71.589996 70.550003 71.459999 4071300 54.103741
"2013-07-29" 71.559998 71.660004 70.93 71.510002 2489100 54.141624
"2013-07-30" 71.629997 72.050003 71.389999 71.419998 2912900 54.073483
"2013-07-31" 71.599998 71.900002 71.050003 71.25 4108200 53.944744
"2013-08-01" 71.690002 71.919998 71.440002 71.580002 3694800 54.194607
"2013-08-02" 71.519997 71.580002 71.349998 71.5 5548400 54.134048
"2013-08-05" 71.510002 72.07 71.279999 71.989998 3073400 54.505024
"2013-08-06" 71.870003 71.93 70.809998 71.790001 3265700 54.353603
"2013-08-07" 71.699997 71.860001 70.790001 71.68 2536900 54.270313
"2013-08-08" 71.690002 71.690002 70.800003 71.220001 3714900 53.922058
"2013-08-09" 71.209999 71.230003 70.410004 70.720001 2382400 53.543472
"2013-08-12" 70.480003 70.940002 70.32 70.760002 2260600 53.57378
"2013-08-13" 70.779999 71.260002 70.449997 71.190002 3122700 53.89933
"2013-08-14" 70.690002 70.830002 69.949997 70.040001 5219400 53.028652
"2013-08-15" 69.300003 69.5 68.739998 69.080002 5749300 52.301815
"2013-08-16" 68.82 69.050003 68.519997 68.580002 4369800 51.923248
"2013-08-19" 68.239998 68.739998 68.150002 68.239998 3870300 51.991833
"2013-08-20" 68.239998 68.620003 67.949997 67.949997 6448800 51.770874
"2013-08-21" 66.419998 66.93 65.139999 65.5 15246800 49.904221
"2013-08-22" 64.940002 65.389999 64.07 64.239998 10177600 48.944237
"2013-08-23" 64.639999 64.769997 64.120003 64.349998 6523700 49.028046
"2013-08-26" 64.529999 64.900002 64.099998 64.129997 4516100 48.86042
"2013-08-27" 63.57 63.869999 63.189999 63.259998 5801600 48.197575
"2013-08-28" 63.279999 63.580002 63.150002 63.27 4158000 48.205196
"2013-08-29" 63.209999 63.5 63.049999 63.150002 4115500 48.11377
"2013-08-30" 63.25 63.389999 63.139999 63.310001 4137000 48.235672
"2013-09-03" 63.540001 63.810001 63.380001 63.59 5982700 48.449009
"2013-09-04" 63.59 63.799999 63.439999 63.549999 4147900 48.41853
"2013-09-05" 63.66 63.900002 63.459999 63.459999 3031900 48.349953
"2013-09-06" 63.57 63.77 63.09 63.290001 3306400 48.220425
"2013-09-09" 63.360001 64.019997 63.349998 63.93 3364200 48.708057
"2013-09-10" 64.449997 64.889999 64.199997 64.730003 4456400 49.31757
"2013-09-11" 64.730003 65.010002 64.550003 64.989998 3529300 49.515656
"2013-09-12" 65.129997 65.230003 63.66 64.089996 5596800 48.829945
"2013-09-13" 64.239998 64.5 63.68 63.759998 4115300 48.578526
"2013-09-16" 64.279999 64.449997 63.709999 63.790001 3163300 48.601379
"2013-09-17" 63.889999 64.440002 63.889999 64.379997 2543000 49.050903
"2013-09-18" 64.230003 65.529999 64.209999 65.480003 4347100 49.888992
"2013-09-19" 65.589996 65.589996 65 65.389999 2886700 49.820431
"2013-09-20" 65.339996 65.489998 64.550003 64.550003 4669700 49.180435
"2013-09-23" 64.540001 64.650002 64.169998 64.400002 2501100 49.066139
"2013-09-24" 64.089996 64.25 63.790001 63.91 4167100 48.692806
"2013-09-25" 63.959999 64 62.790001 63.240002 6325900 48.182335
"2013-09-26" 63.419998 63.91 63.150002 63.369999 4035200 48.281387
"2013-09-27" 63.360001 64.279999 63.290001 63.939999 3378300 48.715656
"2013-09-30" 63.52 63.990002 63.380001 63.98 4572300 48.74614
"2013-10-01" 63.939999 64.080002 63.669998 63.91 4126100 48.692806
"2013-10-02" 63.720001 63.720001 63.200001 63.650002 3587600 48.494717
"2013-10-03" 63.599998 63.73 63.099998 63.450001 3964700 48.342331
"2013-10-04" 63.439999 63.450001 63.09 63.41 2791400 48.311867
"2013-10-07" 63.119999 63.310001 62.66 62.68 3323700 47.755665
"2013-10-08" 62.720001 62.84 62.029999 62.130001 4430300 47.336639
"2013-10-09" 62.220001 62.810001 62.130001 62.689999 3859500 47.763302
"2013-10-10" 63.16 63.580002 63.009998 63.450001 2638300 48.342331
"2013-10-11" 63.139999 63.23 62.450001 63.209999 3537700 48.159489
"2013-10-14" 62.799999 63.720001 62.799999 63.650002 3101400 48.494717
"2013-10-15" 63.509998 63.549999 62.889999 62.93 3844500 47.946152
"2013-10-16" 63.099998 63.900002 63.080002 63.900002 3194500 48.685196
"2013-10-17" 63.650002 64.879997 63.57 64.860001 3524200 49.416615
"2013-10-18" 65.169998 65.260002 64.419998 64.669998 5862100 49.271847
"2013-10-21" 64.720001 64.93 64.169998 64.699997 2800800 49.294701
"2013-10-22" 64.790001 65.459999 64.459999 65.120003 3842500 49.614708
"2013-10-23" 65 65.18 64.239998 64.269997 4687400 48.967098
"2013-10-24" 64.419998 64.550003 64 64.129997 4638000 48.86042
"2013-10-25" 64.160004 64.18 63.610001 64.07 4308900 48.81472
"2013-10-28" 63.869999 65.059998 63.560001 64.879997 5674500 49.43185
"2013-10-29" 64.809998 64.900002 64.199997 64.32 6048100 49.00518
"2013-10-30" 64.339996 65.949997 63.5 65.709999 8585400 50.064224
"2013-10-31" 66.059998 66.110001 64.650002 64.790001 7481500 49.363277
"2013-11-01" 64.889999 64.93 64.239998 64.620003 3768800 49.233742
"2013-11-04" 64.970001 65.360001 64.82 65.220001 4358700 49.690903
"2013-11-05" 65.099998 65.25 64.599998 64.629997 5107100 49.241383
"2013-11-06" 65.050003 66.080002 64.779999 65.699997 4490300 50.056602
"2013-11-07" 65.889999 65.989998 64.809998 64.82 5154200 49.386147
"2013-11-08" 64.75 65.129997 64.529999 65.110001 3717000 49.607086
"2013-11-11" 65.110001 65.849998 65.099998 65.690002 2610300 50.048992
"2013-11-12" 65.669998 66.089996 65.32 65.440002 3181700 49.858517
"2013-11-13" 65.419998 66.949997 65.379997 66.870003 5694600 50.948029
"2013-11-14" 66.5 66.790001 66.230003 66.669998 4629500 50.795647
"2013-11-15" 66.690002 67.059998 66.419998 66.889999 3542300 50.963268
"2013-11-18" 66.709999 66.790001 66.209999 66.449997 3489000 50.955589
"2013-11-19" 66.419998 66.93 66.330002 66.629997 3357800 51.09362
"2013-11-20" 66.839996 67.25 66.220001 66.489998 4762500 50.986271
"2013-11-21" 64.339996 64.919998 63.490002 64.190002 16380600 49.222569
"2013-11-22" 63.610001 64.089996 63.32 63.700001 8144500 48.846825
"2013-11-25" 63.700001 63.950001 63.59 63.759998 5013700 48.892834
"2013-11-26" 63.830002 64.419998 63.799999 63.869999 5885400 48.977184
"2013-11-27" 63.990002 64.790001 63.869999 64.410004 4767200 49.391266
"2013-11-29" 64.959999 64.989998 63.720001 63.93 3350000 49.023197
"2013-12-02" 63.98 63.990002 62.599998 62.73 7169100 48.102993
"2013-12-03" 62.34 63.18 62.330002 62.82 10395800 48.172005
"2013-12-04" 62.450001 63.580002 62.200001 63.310001 9442300 48.547768
"2013-12-05" 63.049999 63.75 62.599998 62.630001 8368500 48.026325
"2013-12-06" 62.98 63.57 62.91 63.380001 6381600 48.601433
"2013-12-09" 63.34 63.810001 63.169998 63.240002 5853800 48.494076
"2013-12-10" 63.259998 63.459999 62.959999 63.16 4028900 48.432739
"2013-12-11" 63.32 63.48 62.849998 62.93 3035200 48.256367
"2013-12-12" 62.939999 63.240002 62.75 62.889999 4029200 48.225693
"2013-12-13" 63.23 63.240002 62.290001 62.360001 4751000 47.819279
"2013-12-16" 62.439999 62.509998 61.73 62.169998 4768700 47.673576
"2013-12-17" 62.119999 62.150002 61.439999 61.650002 5310800 47.274834
"2013-12-18" 62.52 63.59 62.43 63.549999 8304600 48.731804
"2013-12-19" 62.220001 62.889999 61.98 62.150002 7901900 47.658241
"2013-12-20" 62.119999 62.66 62.02 62.490002 6869100 47.918961
"2013-12-23" 62 62.150002 61.529999 61.880001 5720200 47.45121
"2013-12-24" 61.599998 61.75 61.259998 61.709999 3356300 47.320835
"2013-12-26" 61.740002 62.59 61.740002 62.48 3971800 47.911301
"2013-12-27" 62.790001 62.790001 61.990002 62.150002 3260100 47.658241
"2013-12-30" 62.450001 62.5 61.91 62.470001 3683000 47.903637
"2013-12-31" 62.57 63.799999 62.5 63.27 6783400 48.51709
"2014-01-02" 63.529999 64.169998 63.139999 63.18 7400100 48.448067
"2014-01-03" 63.619999 63.889999 63.400002 63.490002 4589400 48.685791
"2014-01-06" 63.68 63.689999 62.669998 63.060001 4609600 48.356049
"2014-01-07" 63.029999 63.290001 62.599998 62.91 5398300 48.241024
"2014-01-08" 62.810001 62.82 62.43 62.689999 5529900 48.072334
"2014-01-09" 62.889999 63.59 62.77 63.34 7264600 48.570774
"2014-01-10" 62.889999 63.630001 62.16 62.619999 12949700 48.018658
"2014-01-13" 62.119999 62.23 61.490002 61.5 8031200 47.159809
"2014-01-14" 61.509998 61.759998 61.27 61.709999 5519900 47.320835
"2014-01-15" 61.860001 61.869999 61.5 61.560001 4233700 47.205826
"2014-01-16" 61.439999 61.549999 60.599998 60.810001 5288400 46.630692
"2014-01-17" 60.93 60.93 59.869999 60.240002 8132100 46.1936
"2014-01-21" 59.799999 59.810001 58.799999 59.200001 10595500 45.396103
"2014-01-22" 59.779999 59.82 58.75 58.98 7185100 45.227398
"2014-01-23" 58.5 58.720001 58.259998 58.650002 7029900 44.97435
"2014-01-24" 58.560001 58.599998 57.689999 57.720001 7467500 44.261215
"2014-01-27" 57.73 57.959999 57.380001 57.709999 6013100 44.253544
"2014-01-28" 57.849998 58.290001 57.759998 57.889999 4907300 44.391563
"2014-01-29" 57.669998 57.860001 56.830002 56.889999 5928000 43.624741
"2014-01-30" 57.110001 57.200001 56.650002 56.669998 6207900 43.456024
"2014-01-31" 56.41 56.98 55.959999 56.639999 6326300 43.433033
"2014-02-03" 56.860001 56.869999 55.279999 55.41 6733600 42.489834
"2014-02-04" 55.869999 55.869999 55.099998 55.119999 5969600 42.267452
"2014-02-05" 55.060001 55.189999 54.66 55.07 8176000 42.229118
"2014-02-06" 55.130001 56 55.09 55.860001 8886800 42.834904
"2014-02-07" 56.110001 56.41 55.540001 56.330002 6344700 43.195313
"2014-02-10" 56.34 56.689999 56.169998 56.509998 6017900 43.333344
"2014-02-11" 56.66 57.380001 56.549999 57.139999 8170900 43.816444
"2014-02-12" 57.169998 57.169998 56.619999 56.950001 7010800 43.670753
"2014-02-13" 56.970001 57.360001 56.450001 56.860001 7564500 43.60173
"2014-02-14" 56.66 56.689999 55.759998 56.060001 8586200 43.315845
"2014-02-18" 56.419998 56.639999 56.169998 56.389999 6094900 43.570824
"2014-02-19" 56.360001 57.82 56.32 57.310001 8838300 44.281681
"2014-02-20" 57.400002 57.400002 56.41 56.619999 8790200 43.748539
"2014-02-21" 56.720001 56.799999 56.150002 56.240002 6596600 43.454933
"2014-02-24" 56.189999 56.639999 55.439999 56.139999 9151600 43.377663
"2014-02-25" 55.959999 56.610001 55.810001 56.509998 8030600 43.663544
"2014-02-26" 58.580002 61.18 58.099998 60.490002 24180800 46.73877
"2014-02-27" 60.419998 60.779999 59.75 60.66 9453700 46.870121
"2014-02-28" 60.610001 62.880001 60.400002 62.540001 14246300 48.322742
"2014-03-03" 61.939999 62.41 61.700001 61.959999 6813300 47.874596
"2014-03-04" 62.509998 62.549999 61.25 61.330002 6400100 47.387817
"2014-03-05" 61.650002 61.66 60.360001 60.599998 7421100 46.823753
"2014-03-06" 60.610001 61.09 60.52 60.740002 4835100 46.931934
"2014-03-07" 60.84 60.98 60.57 60.75 3817500 46.939678
"2014-03-10" 60.82 61.240002 60.700001 61.16 3663700 47.256451
"2014-03-11" 61.25 61.52 60.869999 60.939999 4485100 47.086472
"2014-03-12" 60.540001 61.220001 60.52 61.099998 3851500 47.210098
"2014-03-13" 61.080002 61.619999 59.709999 59.73 6142600 46.151543
"2014-03-14" 59.599998 59.990002 59.27 59.360001 5631200 45.86565
"2014-03-17" 59.59 59.959999 59.299999 59.669998 3424500 46.105179
"2014-03-18" 59.799999 59.939999 59.560001 59.720001 3129000 46.14381
"2014-03-19" 59.759998 60.209999 59.060001 59.48 4280700 45.958374
"2014-03-20" 59.529999 59.900002 59.259998 59.700001 3332100 46.128357
"2014-03-21" 60.119999 60.18 59.360001 59.450001 5995400 45.935192
"2014-03-24" 59.880001 60.040001 59.16 59.459999 4543700 45.942917
"2014-03-25" 59.59 59.599998 58.599998 59.060001 5216800 45.63385
"2014-03-26" 59.220001 59.990002 59.060001 59.200001 4438900 45.742023
"2014-03-27" 59.57 60.139999 59.02 59.740002 4416400 46.159264
"2014-03-28" 59.740002 60.119999 59.700001 59.98 3063900 46.344715
"2014-03-31" 60.240002 60.779999 59.950001 60.509998 4255900 46.754223
"2014-04-01" 60.740002 60.810001 60.299999 60.57 4246000 46.800575
"2014-04-02" 60.5 61.139999 60.450001 60.889999 3970400 47.047844
"2014-04-03" 61.299999 61.880001 60.68 61.720001 4565300 47.689159
"2014-04-04" 61.93 62.259998 61.099998 61.139999 3823500 47.241001
"2014-04-07" 61.060001 61.060001 60.5 60.5 4199100 46.746506
"2014-04-08" 60.330002 61.599998 60.099998 61.5 4527800 47.519173
"2014-04-09" 61.77 61.77 61 61.209999 4689100 47.295097
"2014-04-10" 61.830002 61.830002 59.669998 59.669998 5904100 46.105179
"2014-04-11" 59.599998 59.709999 58.580002 58.900002 5330700 45.51022
"2014-04-14" 59.25 59.490002 58.939999 59.419998 4065900 45.912022
"2014-04-15" 59.650002 59.779999 59.139999 59.48 3717000 45.958374
"2014-04-16" 59.869999 60 59.52 59.91 3539600 46.290627
"2014-04-17" 59.709999 60.040001 59.650002 60 3634700 46.360157
"2014-04-21" 59.869999 59.950001 59.52 59.759998 3704100 46.174725
"2014-04-22" 59.82 60.669998 59.77 60.32 4834600 46.607418
"2014-04-23" 60.32 60.82 60.32 60.740002 2969900 46.931934
"2014-04-24" 60.849998 61.459999 60.75 61.450001 3671000 47.480534
"2014-04-25" 60.990002 61.310001 60.450001 61.259998 5164600 47.333721
"2014-04-28" 60.98 62.48 60.98 62.18 4895200 48.044586
"2014-04-29" 62.299999 62.34 61.82 61.970001 4176400 47.882317
"2014-04-30" 61.830002 61.91 61.400002 61.75 4526900 47.712345
"2014-05-01" 61.849998 61.869999 61.330002 61.740002 3611600 47.704617
"2014-05-02" 61.860001 62.639999 61.73 62.009998 3423800 47.913231
"2014-05-05" 61.02 61.599998 59.619999 59.869999 16189500 46.259716
"2014-05-06" 59.23 59.290001 57.599998 57.639999 13323400 44.536659
"2014-05-07" 57.860001 58.25 57.66 58.130001 6424400 44.915272
"2014-05-08" 58.290001 58.759998 57.98 58.32 6808800 45.06208
"2014-05-09" 58.290001 59.25 58.290001 59.130001 6254800 45.687946
"2014-05-12" 59.290001 59.709999 59.27 59.639999 3719600 46.082001
"2014-05-13" 59.619999 59.860001 59.16 59.560001 4900300 46.020187
"2014-05-14" 59.560001 59.799999 59.080002 59.27 4275200 45.796124
"2014-05-15" 58.59 58.669998 57.799999 58.18 8249000 44.953899
"2014-05-16" 58.290001 58.830002 58.119999 58.639999 6409200 45.309338
"2014-05-19" 58.169998 58.490002 58.040001 58.290001 3674200 45.371616
"2014-05-20" 57.919998 57.939999 56.529999 56.610001 9392600 44.063923
"2014-05-21" 56.990002 57.450001 56.130001 57.200001 14802300 44.52317
"2014-05-22" 57.07 57.099998 55.619999 55.990002 12411400 43.581333
"2014-05-23" 56.150002 56.220001 55.66 55.689999 7575800 43.347828
"2014-05-27" 55.889999 55.950001 55.41 55.77 5639700 43.410084
"2014-05-28" 56 56 55.25 55.34 5822700 43.07539
"2014-05-29" 55.400002 55.959999 55.299999 55.880001 4829700 43.495712
"2014-05-30" 55.919998 56.919998 55.889999 56.759998 6305300 44.180683
"2014-06-02" 56.900002 57.040001 56.450001 56.490002 3747500 43.970512
"2014-06-03" 56.529999 56.959999 56.290001 56.790001 4517600 44.204037
"2014-06-04" 56.630001 57.200001 56.5 57.18 3633000 44.507603
"2014-06-05" 57.259998 57.790001 57.09 57.490002 4506100 44.748901
"2014-06-06" 57.5 57.799999 57.490002 57.68 3571500 44.896793
"2014-06-09" 57.779999 58.220001 57.470001 57.599998 4424800 44.834515
"2014-06-10" 57.580002 57.580002 56.669998 56.860001 6609800 44.258518
"2014-06-11" 56.709999 57.32 56.610001 57.080002 5344900 44.429768
"2014-06-12" 57.139999 57.360001 57.110001 57.240002 5457900 44.55431
"2014-06-13" 57.349998 57.470001 57.049999 57.23 3718800 44.546524
"2014-06-16" 57.23 57.790001 57.060001 57.740002 5342600 44.943493
"2014-06-17" 57.599998 58.619999 57.509998 58.169998 6618700 45.278202
"2014-06-18" 58.299999 58.740002 58.119999 58.700001 3748900 45.690746
"2014-06-19" 58.720001 59.32 58.700001 58.740002 3900500 45.721878
"2014-06-20" 58.709999 58.810001 58.099998 58.290001 5189000 45.371616
"2014-06-23" 58.119999 58.450001 58.060001 58.419998 3749100 45.472797
"2014-06-24" 58.18 58.860001 58.02 58.700001 4374500 45.690746
"2014-06-25" 58.509998 58.509998 57.919998 58.060001 5998500 45.192581
"2014-06-26" 58.07 58.099998 57.630001 57.869999 3548000 45.044693
"2014-06-27" 57.77 58.32 57.75 58.119999 8466000 45.239273
"2014-06-30" 58.09 58.5 57.84 57.950001 4864300 45.106953
"2014-07-01" 58.389999 58.450001 57.950001 58.369999 3768500 45.433865
"2014-07-02" 58.5 59.099998 58.400002 58.77 3061400 45.745216
"2014-07-03" 59.119999 59.529999 58.939999 59.509998 3014400 46.32122
"2014-07-07" 59.360001 60.049999 59.23 59.990002 4917300 46.694855
"2014-07-08" 59.75 59.939999 59.380001 59.799999 4582200 46.546955
"2014-07-09" 59.57 60.189999 59.57 60.049999 4276700 46.741547
"2014-07-10" 59.459999 59.98 59.459999 59.93 3799900 46.648144
"2014-07-11" 59.959999 60.049999 59.650002 60 3109100 46.702625
"2014-07-14" 60.139999 60.189999 59.950001 60.18 3809200 46.842739
"2014-07-15" 60.549999 60.720001 60.23 60.709999 5722100 47.255268
"2014-07-16" 60.740002 60.740002 59.82 60.139999 6987700 46.8116
"2014-07-17" 59.990002 60.200001 59.57 59.720001 4559400 46.484676
"2014-07-18" 59.82 60.040001 59.5 60.009998 4735900 46.710419
"2014-07-21" 59.98 60.02 59.040001 59.299999 4122900 46.157764
"2014-07-22" 59.419998 59.52 59.139999 59.380001 3548400 46.220036
"2014-07-23" 59.450001 60.84 59.369999 60.73 6167200 47.270847
"2014-07-24" 60.740002 61.07 60.419998 60.990002 3491900 47.473213
"2014-07-25" 60.759998 60.889999 60.290001 60.389999 2629200 47.006199
"2014-07-28" 60.400002 60.580002 59.990002 60.299999 4011200 46.936142
"2014-07-29" 60.349998 61.32 60.299999 61.099998 3807200 47.55883
"2014-07-30" 61.310001 61.630001 61.139999 61.380001 3677000 47.776787
"2014-07-31" 61 61 59.580002 59.59 7067900 46.383503
"2014-08-01" 59.32 60 59.200001 59.849998 4011800 46.585869
"2014-08-04" 60.169998 61 59.919998 60.700001 4232000 47.247486
"2014-08-05" 58.450001 59.41 57.810001 58.029999 14982100 45.169228
"2014-08-06" 57.48 58.240002 57.259998 57.970001 7262700 45.12252
"2014-08-07" 58.259998 58.360001 57.27 57.5 4917200 44.756687
"2014-08-08" 57.889999 58.59 57.619999 58.540001 4710700 45.566185
"2014-08-11" 58.599998 58.669998 58.150002 58.360001 2788100 45.426094
"2014-08-12" 58.349998 58.540001 58.02 58.459999 2946000 45.503914
"2014-08-13" 58.43 58.48 57.75 58.259998 3660300 45.348263
"2014-08-14" 58.200001 58.77 58.09 58.740002 3144900 45.721878
"2014-08-15" 58.740002 58.77 57.84 58.200001 4186700 45.301537
"2014-08-18" 58.049999 58.689999 57.75 58.549999 4016700 45.984848
"2014-08-19" 58.84 59.41 58.599998 59.25 4807300 46.534622
"2014-08-20" 58.5 60.790001 58.25 60.330002 12835000 47.382858
"2014-08-21" 60.400002 61.09 59.82 61.07 6562000 47.964035
"2014-08-22" 61.139999 61.459999 60.779999 61.049999 4566200 47.948326
"2014-08-25" 61.299999 61.5 60.720001 60.98 4368200 47.893353
"2014-08-26" 61.049999 61.200001 60.59 60.700001 3224800 47.673443
"2014-08-27" 60.73 60.959999 60.639999 60.790001 2797700 47.744133
"2014-08-28" 60.48 60.59 60.07 60.349998 4221300 47.398548
"2014-08-29" 60.720001 60.720001 60.049999 60.07 4008100 47.178638
"2014-09-02" 60.279999 60.5 59.98 60.189999 2602700 47.272884
"2014-09-03" 60.529999 60.57 59.98 60.389999 3553500 47.429966
"2014-09-04" 60.380001 61.209999 60.200001 61.029999 4363300 47.932617
"2014-09-05" 61 61.150002 60.5 61.080002 3401800 47.971882
"2014-09-08" 60.900002 61.200001 60.27 60.560001 3191300 47.563484
"2014-09-09" 60.470001 60.91 60.18 60.880001 4237200 47.814804
"2014-09-10" 61.009998 62.34 60.869999 61.950001 8681600 48.655186
"2014-09-11" 61.830002 62.68 61.610001 62.59 5599800 49.157833
"2014-09-12" 62.540001 62.650002 61.98 62.529999 4427400 49.110706
"2014-09-15" 62.43 62.610001 62.07 62.209999 3694100 48.859394
"2014-09-16" 62.07 63.259998 62.060001 62.860001 4552400 49.369892
"2014-09-17" 62.869999 63.09 62.48 62.869999 3275900 49.377754
"2014-09-18" 63.23 64.650002 63.200001 63.93 7343500 50.21027
"2014-09-19" 64.230003 64.360001 63.610001 63.810001 4918900 50.116016
"2014-09-22" 63.540001 63.77 63.130001 63.360001 3078100 49.762596
"2014-09-23" 63.32 63.599998 63.07 63.080002 3995300 49.542675
"2014-09-24" 63 63.93 62.990002 63.880001 3249400 50.170994
"2014-09-25" 63.630001 63.759998 62.75 62.880001 2840900 49.385609
"2014-09-26" 63.200001 63.279999 62.639999 63.150002 2336200 49.597664
"2014-09-29" 62.57 63.16 62.529999 63.040001 2170300 49.511265
"2014-09-30" 62.860001 63.09 62.52 62.68 2557700 49.228527
"2014-10-01" 62.68 62.900002 62.029999 62.07 3876400 48.749435
"2014-10-02" 62.139999 62.700001 61.610001 62.57 3199800 49.142132
"2014-10-03" 63.09 63.450001 62.77 63.07 2606500 49.534824
"2014-10-06" 63.029999 63.34 62.189999 62.279999 2481300 48.914356
"2014-10-07" 62.02 62.080002 61.330002 61.540001 3661900 48.333168
"2014-10-08" 61.68 62.959999 61.52 62.810001 3951200 49.330627
"2014-10-09" 62.75 63.09 61.419998 61.599998 4349000 48.380295
"2014-10-10" 61.68 62.439999 60.549999 60.59 6201900 47.58704
"2014-10-13" 60.549999 61.57 60.029999 60.439999 5330000 47.46925
"2014-10-14" 60.959999 61.82 60.740002 61.689999 4542600 48.450981
"2014-10-15" 60.860001 61.240002 59.290001 59.98 7773900 47.107956
"2014-10-16" 58.830002 60.169998 58.720001 59.439999 4332600 46.683849
"2014-10-17" 59.93 60.060001 58.900002 59.07 6502300 46.393253
"2014-10-20" 58.959999 60.310001 58.959999 60.290001 4302200 47.351425
"2014-10-21" 60.689999 61.939999 60.41 61.639999 4790200 48.411709
"2014-10-22" 61.77 62.43 61.27 61.330002 3790600 48.168247
"2014-10-23" 61.790001 62.5 61.689999 62.029999 3412700 48.718014
"2014-10-24" 61.950001 62.02 61.200001 61.57 3984500 48.356735
"2014-10-27" 61.549999 61.75 61.029999 61.560001 3630500 48.348885
"2014-10-28" 61.25 61.32 60.290001 60.650002 4976500 47.634167
"2014-10-29" 60.720001 60.959999 60.369999 60.889999 2992200 47.822681
"2014-10-30" 60.810001 61.959999 60.549999 61.779999 2303500 48.52166
"2014-10-31" 62.25 62.369999 61.439999 61.82 4231400 48.553085
"2014-11-03" 61.82 61.98 61.139999 61.59 2728000 48.372437
"2014-11-04" 61.560001 61.630001 60.98 61.369999 3038300 48.19965
"2014-11-05" 61.849998 62 60.990002 61.119999 2687700 48.0033
"2014-11-06" 61.330002 62 61.130001 61.889999 3956100 48.608047
"2014-11-07" 62.279999 64.660004 62.169998 64.169998 7531300 50.398754
"2014-11-10" 64.839996 65.919998 64.139999 65.519997 7876600 51.45903
"2014-11-11" 65.440002 65.860001 65.260002 65.720001 3418200 51.616116
"2014-11-12" 65.489998 66.900002 65.370003 66.720001 6236600 52.401508
"2014-11-13" 66.959999 67.779999 66.940002 67.5 7880200 53.014133
"2014-11-14" 67.330002 68.279999 67.150002 68.129997 5487900 53.508923
"2014-11-17" 67.580002 67.699997 66.900002 67.129997 7260900 53.129028
"2014-11-18" 66.959999 67.760002 66.5 67.510002 5575400 53.429783
"2014-11-19" 69.949997 73.080002 69.860001 72.5 25615400 57.379036
"2014-11-20" 71.339996 71.830002 70.300003 71.190002 11065700 56.342262
"2014-11-21" 71.800003 72.260002 71.050003 71.510002 6835200 56.595516
"2014-11-24" 71.360001 72.160004 71 71.57 4095500 56.642994
"2014-11-25" 71.68 72.199997 71.360001 72.099998 6635000 57.06245
"2014-11-26" 71.959999 72.300003 71.730003 72.160004 4123300 57.109966
"2014-11-28" 72.559998 74.760002 72.559998 74 4466500 58.566193
"2014-12-01" 73.339996 73.470001 72.059998 72.75 7798400 57.576908
"2014-12-02" 72.529999 73.400002 72.379997 73.07 4142600 57.830143
"2014-12-03" 73 73.830002 72.589996 73.330002 6699600 58.03595
"2014-12-04" 73.330002 73.400002 72.529999 73.279999 4238000 57.996357
"2014-12-05" 73.519997 73.709999 72.879997 73.660004 3760000 58.297108
"2014-12-08" 73.5 74.099998 73.239998 73.779999 3851500 58.392075
"2014-12-09" 72.650002 73.629997 72.400002 73.599998 3367600 58.249626
"2014-12-10" 73.300003 74.190002 72.839996 72.910004 4556000 57.703533
"2014-12-11" 73.660004 74.580002 73.32 73.529999 5648200 58.194214
"2014-12-12" 73.540001 74 72.389999 72.400002 4592000 57.299896
"2014-12-15" 73.07 73.519997 72.400002 73.199997 3638000 57.933033
"2014-12-16" 73.199997 73.309998 71.980003 72.279999 7869200 57.204918
"2014-12-17" 72.879997 73.730003 72.279999 73.57 2972800 58.225872
"2014-12-18" 74.300003 74.989998 73.720001 74.639999 7823800 59.07272
"2014-12-19" 74.400002 74.620003 73.690002 73.949997 6277200 58.526642
"2014-12-22" 73.970001 74.589996 73.870003 74.5 3730300 58.961906
"2014-12-23" 74.830002 75.07 74.360001 74.690002 3514500 59.112297
"2014-12-24" 74.790001 75.32 74.610001 74.650002 1783800 59.080627
"2014-12-26" 74.720001 75.370003 74.610001 75.059998 2222500 59.405121
"2014-12-29" 75.059998 75.989998 74.870003 75.529999 2744900 59.777092
"2014-12-30" 75.440002 75.879997 75.199997 75.709999 2160800 59.919544
"2014-12-31" 75.449997 76.650002 75.269997 75.910004 3206000 60.077839
"2015-01-02" 76.110001 76.639999 74.550003 75.330002 3710300 59.618805
"2015-01-05" 75.169998 75.510002 73.879997 73.980003 3778200 58.550369
"2015-01-06" 74.300003 74.690002 72.739998 73.970001 4659300 58.542446
"2015-01-07" 74.879997 76.949997 74.879997 76.769997 6946900 60.758465
"2015-01-08" 76.809998 77.75 76.690002 77.129997 6344900 61.043369
"2015-01-09" 77.260002 77.370003 76.330002 76.43 3215300 60.489368
"2015-01-12" 76.080002 76.940002 76.040001 76.629997 2842900 60.647678
"2015-01-13" 76.889999 77.660004 75.470001 75.949997 4915600 60.109505
"2015-01-14" 74.610001 75.040001 73.690002 74.330002 5634900 58.827351
"2015-01-15" 77.300003 77.5 75.080002 75.669998 17296000 59.887878
"2015-01-16" 75.330002 75.459999 73.349998 74.940002 9973000 59.310146
"2015-01-20" 74.940002 75.139999 72.889999 73.669998 9165600 58.305023
"2015-01-21" 73.510002 74.32 73.080002 73.949997 5034400 58.526642
"2015-01-22" 74.470001 75.940002 73.629997 75.769997 4662800 59.967037
"2015-01-23" 75.889999 75.93 74.650002 75.290001 3954600 59.587139
"2015-01-26" 75.330002 75.480003 74.779999 75.25 3584800 59.555473
"2015-01-27" 75 75.339996 74.389999 74.760002 3228200 59.167679
"2015-01-28" 75.339996 76.040001 74.129997 74.260002 4174300 58.771969
"2015-01-29" 74.260002 75.489998 73.830002 75.489998 4545700 59.745445
"2015-01-30" 74.769997 75.129997 73.550003 73.610001 7176900 58.257538
"2015-02-02" 73.190002 74.389999 71.900002 74.25 4926500 58.764046
"2015-02-03" 74.720001 75.889999 74.129997 75.870003 4920000 60.046158
"2015-02-04" 75.610001 76.660004 75.459999 75.610001 5670200 59.840397
"2015-02-05" 75.940002 76.389999 75.82 75.949997 3111300 60.109505
"2015-02-06" 76 76.699997 75.559998 76.360001 4101400 60.433945
"2015-02-09" 76.050003 76.580002 75.110001 75.389999 3112700 59.666283
"2015-02-10" 75.599998 76.699997 75.57 76.650002 2810100 60.663502
"2015-02-11" 76.419998 76.699997 75.889999 76.419998 2760400 60.481461
"2015-02-12" 76.400002 76.940002 75.849998 76.870003 3751000 60.837616
"2015-02-13" 76.489998 76.699997 75.690002 76.120003 2381100 60.654335
"2015-02-17" 75.800003 76.800003 74.940002 76.639999 4037200 61.068707
"2015-02-18" 76.75 77.389999 76.43 77.349998 4545200 61.634411
"2015-02-19" 77.230003 77.260002 76.269997 76.68 5613100 61.100567
"2015-02-20" 76.550003 76.870003 76 76.870003 4477600 61.251961
"2015-02-23" 76.870003 77.25 76.290001 76.690002 4264100 61.108532
"2015-02-24" 76.830002 77.010002 76.07 76.949997 4810000 61.315697
"2015-02-25" 78.080002 78.400002 75.970001 77.150002 9410300 61.475071
"2015-02-26" 77.139999 77.400002 76.269997 76.900002 5283000 61.27586
"2015-02-27" 77.029999 77.300003 76.709999 76.830002 4741000 61.220097
"2015-03-02" 76.830002 78.160004 76.730003 77.68 6116300 61.897392
"2015-03-03" 77.279999 78.139999 75.080002 78 12906900 62.152367
"2015-03-04" 77.940002 79 77.589996 77.720001 8019500 61.929249
"2015-03-05" 77.790001 78.239998 77.790001 78.199997 6622300 62.311737
"2015-03-06" 77.82 77.82 76.849998 77.209999 3927900 61.522888
"2015-03-09" 77.110001 78.660004 76.949997 78.57 4418000 62.606567
"2015-03-10" 78.269997 78.349998 77.419998 77.669998 4807000 61.889397
"2015-03-11" 78.370003 78.459999 77.220001 77.779999 3829900 61.977062
"2015-03-12" 78.099998 79.459999 78 79.300003 4190900 63.188251
"2015-03-13" 79.290001 79.699997 78.639999 79.18 5401500 63.092636
"2015-03-16" 79.660004 80.809998 79.610001 80.489998 4452100 64.136467
"2015-03-17" 80.470001 81.349998 80.199997 81.029999 5042400 64.566757
"2015-03-18" 80.970001 81.379997 79.919998 81.059998 4906600 64.59066
"2015-03-19" 80.459999 80.809998 80.370003 80.599998 3991700 64.224121
"2015-03-20" 80.790001 81.839996 80.599998 81.309998 5534900 64.789871
"2015-03-23" 81.43 82.239998 81.199997 81.230003 3372500 64.726128
"2015-03-24" 81.099998 82.190002 80.910004 82 5686000 65.339684
"2015-03-25" 82.080002 82.099998 81.349998 81.620003 5617100 65.036896
"2015-03-26" 81.360001 81.360001 80.32 80.440002 4795000 64.096626
"2015-03-27" 80.389999 81.860001 80.330002 81.559998 3752700 64.989067
"2015-03-30" 81.910004 82.75 81.910004 82.139999 3854700 65.451225
"2015-03-31" 82.220001 82.809998 82 82.07 5368000 65.395454
"2015-04-01" 81.830002 82.230003 81.260002 82.089996 4961700 65.4114
"2015-04-02" 82.010002 82.830002 81.599998 82.669998 3002000 65.873543
"2015-04-06" 82.870003 83.620003 82.410004 83.339996 3825800 66.407425
"2015-04-07" 83.25 83.68 82.540001 82.610001 3021300 65.825745
"2015-04-08" 82.779999 83.620003 82.730003 83.139999 3272200 66.248055
"2015-04-09" 83 83.610001 82.68 83.290001 3369900 66.367569
"2015-04-10" 83.330002 83.739998 82.959999 83.57 2811500 66.590675
"2015-04-13" 83.459999 83.980003 82.910004 82.959999 2429700 66.104637
"2015-04-14" 82.790001 83.389999 82.290001 83.059998 2861100 66.184296
"2015-04-15" 83.330002 83.82 81.879997 81.959999 3841700 65.307808
"2015-04-16" 81.93 82.290001 81.529999 81.919998 4219700 65.275917
"2015-04-17" 81.410004 81.489998 79.910004 80.019997 6089800 63.761967
"2015-04-20" 80.910004 81.279999 80.389999 80.93 3898100 64.487091
"2015-04-21" 81.57 81.779999 81.07 81.25 2929400 64.742073
"2015-04-22" 81.330002 81.68 81.010002 81.339996 4212600 64.813766
"2015-04-23" 81.279999 82.260002 81.220001 81.93 4628700 65.283913
"2015-04-24" 82.970001 83 82.440002 82.699997 3611700 65.897461
"2015-04-27" 82.849998 82.940002 81.169998 81.379997 4778900 64.845619
"2015-04-28" 81.279999 81.809998 80.870003 81.510002 3233300 64.949249
"2015-04-29" 81.199997 81.290001 78.739998 78.870003 6637200 62.845604
"2015-04-30" 78.779999 79.379997 78.389999 78.830002 5376700 62.81374
"2015-05-01" 78.699997 79.699997 78.589996 79.650002 3066500 63.467133
"2015-05-04" 79.739998 80.779999 79.650002 80.18 2946400 63.88945
"2015-05-05" 80.019997 80.190002 78.919998 78.970001 3172100 62.925312
"2015-05-06" 79.43 79.43 78.5 79.120003 3907000 63.044834
"2015-05-07" 79.349998 80.290001 79.160004 80.110001 3964700 63.833683
"2015-05-08" 80.800003 81.330002 80.580002 80.739998 4021200 64.335686
"2015-05-11" 80.800003 81.370003 80.529999 80.610001 2778000 64.232086
"2015-05-12" 80.209999 81.309998 80.139999 80.809998 2760900 64.391434
"2015-05-13" 80.559998 80.93 79.730003 79.809998 4881200 63.594639
"2015-05-14" 77.360001 78.099998 76.459999 77.260002 9895600 61.562725
"2015-05-15" 77.639999 78.540001 77.239998 78.529999 6851300 62.57468
"2015-05-18" 78.279999 78.529999 77.660004 78.360001 4754100 62.855427
"2015-05-19" 77.989998 78.459999 77.389999 77.919998 8702700 62.502487
"2015-05-20" 79.330002 79.400002 77.57 78.18 10683400 62.71104
"2015-05-21" 78.300003 79.970001 78 79.389999 6725000 63.681633
"2015-05-22" 79.589996 79.589996 78.93 79.290001 3847300 63.601425
"2015-05-26" 79.440002 79.589996 78.949997 79.080002 4691200 63.432968
"2015-05-27" 79.489998 80.489998 79.32 80.300003 4792200 64.411591
"2015-05-28" 80.419998 80.699997 79.639999 80.050003 2968300 64.211037
"2015-05-29" 79.959999 80.010002 79 79.32 3576700 63.625477
"2015-06-01" 79.5 79.919998 79.110001 79.510002 3181600 63.777866
"2015-06-02" 79.199997 80.139999 78.910004 80 3453000 64.170921
"2015-06-03" 80.349998 80.75 79.889999 80.339996 3440800 64.443657
"2015-06-04" 79.980003 80.5 79.57 79.959999 5688100 64.138863
"2015-06-05" 80.139999 80.260002 79.089996 79.199997 3922400 63.529236
"2015-06-08" 79.25 79.25 78.629997 78.889999 3196000 63.280556
"2015-06-09" 78.690002 79.260002 78.25 78.900002 5471500 63.288601
"2015-06-10" 79.669998 79.800003 79.050003 79.669998 4670000 63.906239
"2015-06-11" 80 80.440002 79.919998 80.07 3575100 64.227066
"2015-06-12" 79.599998 80.150002 79.410004 79.470001 2909100 63.745811
"2015-06-15" 80.349998 81.089996 80.019997 80.449997 6228300 64.531906
"2015-06-16" 80.480003 81.470001 80.050003 80.970001 4060700 64.949028
"2015-06-17" 81.139999 82.470001 81.089996 82.099998 5215200 65.855423
"2015-06-18" 82.099998 83.410004 82.099998 83.190002 6680000 66.729767
"2015-06-19" 83 84.5 82.910004 83.349998 11601500 66.858093
"2015-06-22" 84.230003 84.330002 83.650002 84.230003 4797900 67.56398
"2015-06-23" 84.580002 85.809998 84.400002 84.760002 5916800 67.989098
"2015-06-24" 84.720001 84.860001 83.989998 84.339996 3281300 67.652199
"2015-06-25" 84.419998 85.209999 84.339996 84.5 5008600 67.780563
"2015-06-26" 84.489998 84.650002 83.849998 84.080002 6189100 67.443657
"2015-06-29" 83.480003 83.900002 81.970001 82.089996 5224500 65.84742
"2015-06-30" 82.650002 83 81.57 81.629997 5060000 65.478432
"2015-07-01" 82.099998 83.129997 81.839996 82.989998 4087900 66.569336
"2015-07-02" 83.059998 83.43 82.150002 82.269997 3422000 65.991798
"2015-07-06" 81.849998 83.209999 81.75 82.93 3539100 66.521202
"2015-07-07" 83.089996 84.480003 82.75 84.449997 5709100 67.74044
"2015-07-08" 83.68 84.239998 83.389999 83.480003 4087600 66.962372
"2015-07-09" 84.199997 84.330002 83.019997 83.040001 3864000 66.609444
"2015-07-10" 84.089996 84.190002 83.610001 83.910004 3271100 67.307304
"2015-07-13" 84.669998 84.739998 84.099998 84.099998 3450800 67.459702
"2015-07-14" 84.110001 84.370003 83.32 84.099998 4095400 67.459702
"2015-07-15" 84.099998 84.550003 83.440002 84.459999 2853900 67.748459
"2015-07-16" 84.75 85.309998 84.5 85.010002 2971600 68.189674
"2015-07-17" 84.699997 85.010002 84.440002 84.690002 2924600 67.932945
"2015-07-20" 84.650002 84.980003 84.169998 84.230003 3261400 67.56398
"2015-07-21" 84.18 84.25 82.150002 82.279999 6085900 65.999786
"2015-07-22" 82.550003 83.349998 82.440002 82.82 4350900 66.432968
"2015-07-23" 82.889999 82.949997 81.620003 81.650002 3489600 65.494476
"2015-07-24" 81.870003 81.870003 80.099998 80.209999 5294300 64.339394
"2015-07-27" 79.870003 79.879997 79.129997 79.489998 4637300 63.761856
"2015-07-28" 80.489998 80.599998 79.489998 80.529999 5457200 64.596077
"2015-07-29" 80.690002 82.019997 80.599998 81.839996 5323500 65.646858
"2015-07-30" 81.580002 82.279999 81.540001 81.93 2991300 65.719086
"2015-07-31" 82.279999 82.360001 81.709999 81.849998 2832200 65.6549
"2015-08-03" 81.18 81.629997 80.050003 80.389999 3595800 64.483772
"2015-08-04" 80.309998 80.779999 79.709999 80.050003 4355600 64.211037
"2015-08-05" 80.629997 81.07 79.75 80.040001 4303400 64.203033
"2015-08-06" 80 80.339996 78.620003 79.540001 4508200 63.801971
"2015-08-07" 79.639999 79.739998 78.599998 78.980003 3153400 63.352776
"2015-08-10" 79.449997 79.690002 78.82 78.970001 2998400 63.344761
"2015-08-11" 78.650002 79.260002 78.269997 78.870003 4188100 63.264523
"2015-08-12" 78.550003 79.239998 77.080002 79 5077100 63.368801
"2015-08-13" 78.730003 79.809998 78.290001 78.989998 3322900 63.360771
"2015-08-14" 78.980003 79.610001 78.730003 79.349998 3597900 63.64957
"2015-08-17" 78.43 79.199997 78.190002 78.980003 2908900 63.803055
"2015-08-18" 78.599998 80.730003 78.599998 80.300003 7326700 64.869392
"2015-08-19" 83.949997 84.620003 79.120003 80.870003 21173800 65.329849
"2015-08-20" 80.349998 81.669998 79.809998 80.660004 7497600 65.160217
"2015-08-21" 80.07 80.870003 78.360001 78.400002 7982000 63.33448
"2015-08-24" 73.900002 77.580002 71.910004 75.279999 10419100 60.814037
"2015-08-25" 76.760002 77.160004 73.870003 73.940002 7554700 59.731541
"2015-08-26" 75.760002 77.139999 74.360001 76.839996 8160000 62.074272
"2015-08-27" 77.190002 77.919998 76.559998 77.849998 6929900 62.890163
"2015-08-28" 77.790001 78.800003 77.559998 78.029999 4424900 63.035603
"2015-08-31" 77.43 78.199997 76.949997 77.709999 4477100 62.777088
"2015-09-01" 76.419998 76.839996 74.989998 75.389999 6690000 60.902893
"2015-09-02" 76.290001 77.230003 76.07 77.050003 7527600 62.243919
"2015-09-03" 77.529999 78.470001 77.160004 77.449997 4559200 62.567051
"2015-09-04" 76.849998 77.169998 76.150002 76.419998 4112900 61.734978
"2015-09-08" 77.690002 78.440002 76.980003 78.379997 4929100 63.318344
"2015-09-09" 79.050003 79.089996 77 77.160004 3349100 62.33279
"2015-09-10" 76.709999 77.75 76.599998 77.07 4479000 62.260078
"2015-09-11" 76.839996 78.010002 76.839996 77.879997 3346100 62.914402
"2015-09-14" 77.650002 77.860001 76.580002 77.150002 2715300 62.324699
"2015-09-15" 77.389999 78.25 77.160004 77.82 3423600 62.865955
"2015-09-16" 77.779999 78.610001 77.639999 78.5 3468900 63.415276
"2015-09-17" 78.779999 79.120003 77.879997 78.010002 5668900 63.019463
"2015-09-18" 77.339996 77.900002 76.489998 76.620003 6651600 61.896545
"2015-09-21" 77.160004 78.620003 76.949997 78.260002 4180400 63.221378
"2015-09-22" 77.599998 78.120003 77.279999 78.050003 3146400 63.051762
"2015-09-23" 78 78.879997 77.830002 78.760002 3940200 63.625332
"2015-09-24" 78.459999 79.18 77.93 79.059998 3934200 63.867672
"2015-09-25" 79.610001 79.980003 78.75 79.050003 3055600 63.859585
"2015-09-28" 78.989998 79.169998 77.389999 77.669998 4332800 62.744751
"2015-09-29" 77.660004 78.559998 77.160004 77.980003 4816600 62.995209
"2015-09-30" 78.82 78.940002 78.18 78.660004 4579600 63.544521
"2015-10-01" 78.349998 79.589996 78.18 79.510002 6393600 64.231171
"2015-10-02" 78.07 79.57 77.400002 79.529999 4631100 64.247345
"2015-10-05" 79.970001 80.169998 79.290001 79.510002 4708700 64.231171
"2015-10-06" 79.330002 79.459999 77.370003 78.099998 4892800 63.092163
"2015-10-07" 78.589996 78.769997 77.989998 78.559998 3291100 63.463753
"2015-10-08" 78.540001 79.660004 78.389999 78.690002 3580600 63.568779
"2015-10-09" 78.690002 78.959999 78.190002 78.879997 2857600 63.722263
"2015-10-12" 78.879997 79.379997 78.860001 79.209999 1556800 63.98885
"2015-10-13" 79.110001 79.839996 78.910004 78.959999 2910200 63.786877
"2015-10-14" 79.260002 80.110001 74.559998 76.199997 18449200 61.557251
"2015-10-15" 76.120003 76.209999 73.379997 75.129997 10162100 60.692871
"2015-10-16" 75.370003 75.389999 74.699997 75.050003 4871600 60.628258
"2015-10-19" 75.019997 75.300003 74.629997 74.699997 4639400 60.345493
"2015-10-20" 74.830002 75.300003 74.379997 74.400002 5021800 60.10313
"2015-10-21" 74.849998 76.599998 74.610001 76.400002 5847400 61.71883
"2015-10-22" 76.57 77.169998 75.959999 77.110001 4943800 62.292393
"2015-10-23" 77.489998 77.599998 72.75 72.940002 9443200 58.923695
"2015-10-26" 73.25 74.760002 73.18 74.019997 6706700 59.796162
"2015-10-27" 74.040001 74.739998 73.919998 74.730003 4083700 60.36972
"2015-10-28" 75.089996 76.279999 74.699997 76.230003 4327800 61.581505
"2015-10-29" 76.209999 76.5 74.970001 76.279999 3815800 61.621895
"2015-10-30" 76.169998 77.919998 76.089996 77.18 4952700 62.348942
"2015-11-02" 77 77.470001 75.519997 77.260002 4147100 62.413567
"2015-11-03" 77.379997 78.5 77.199997 78.230003 3740800 63.19717
"2015-11-04" 78.699997 78.699997 76.599998 77.389999 3726700 62.518593
"2015-11-05" 77.139999 78.209999 76.599998 78.150002 3217600 63.132526
"2015-11-06" 78.160004 78.480003 76.43 77.220001 4483400 62.381268
"2015-11-09" 77.389999 77.540001 74.919998 76.230003 5529800 61.581505
"2015-11-10" 76.419998 77.910004 76 77.190002 3943700 62.357014
"2015-11-11" 76.400002 76.629997 73.949997 74.870003 7441100 60.482822
"2015-11-12" 74.849998 75.769997 74.330002 74.93 5801900 60.531296
"2015-11-13" 73.709999 73.709999 71.540001 71.889999 8161000 58.075462
"2015-11-16" 71.199997 72.379997 70.800003 72.309998 8938200 58.873356
"2015-11-17" 73.580002 74.379997 71.199997 72.910004 9077600 59.36187
"2015-11-18" 71.639999 71.980003 68.150002 69.779999 25042800 56.81348
"2015-11-19" 70 71.480003 69.849998 70.550003 8337100 57.440411
"2015-11-20" 71.110001 71.650002 70.589996 70.830002 5994100 57.668377
"2015-11-23" 71.059998 72.900002 71 72.279999 5454100 58.848946
"2015-11-24" 71.870003 73.160004 71.760002 72.889999 4802400 59.345604
"2015-11-25" 73.220001 73.620003 72.949997 73.160004 5598700 59.565418
"2015-11-27" 73.559998 73.879997 72.82 73.440002 2596100 59.793373
"2015-11-30" 73.779999 73.779999 72.120003 72.5 7748900 59.028065
"2015-12-01" 73.07 73.43 72.25 72.809998 4361100 59.280457
"2015-12-02" 72.800003 73.010002 71.860001 71.93 5571100 58.563972
"2015-12-03" 72.010002 73.239998 71.760002 73.190002 7226800 59.589855
"2015-12-04" 73.120003 74.239998 73.110001 73.900002 6492900 60.167912
"2015-12-07" 73.5 74.260002 73.150002 73.389999 4991800 59.752693
"2015-12-08" 73.080002 73.360001 72.489998 72.660004 3839500 59.158321
"2015-12-09" 72.25 72.989998 71.169998 72.010002 4235900 58.629101
"2015-12-10" 72.349998 73.050003 72.099998 72.370003 4234600 58.922241
"2015-12-11" 71.790001 72.550003 71.300003 71.839996 3764900 58.490696
"2015-12-14" 71.830002 72.989998 71.629997 72.720001 4721100 59.207176
"2015-12-15" 73.059998 74.25 72.769997 72.980003 4581800 59.418877
"2015-12-16" 73.029999 74.040001 73 73.800003 3959100 60.086494
"2015-12-17" 73.800003 74.040001 72.059998 72.330002 6749900 58.889671
"2015-12-18" 71.860001 72.18 70.699997 71.370003 7597700 58.10804
"2015-12-21" 71.510002 71.959999 71.080002 71.709999 3727800 58.384869
"2015-12-22" 72.089996 72.940002 71.870003 72.610001 3524500 59.117645
"2015-12-23" 73.040001 73.800003 72.940002 73.650002 2592900 59.964359
"2015-12-24" 73.459999 73.589996 72.760002 73.169998 1097700 59.573582
"2015-12-28" 73.040001 73.43 72.220001 72.870003 2427300 59.329304
"2015-12-29" 73.470001 75 73.339996 74.440002 4548300 60.607571
"2015-12-30" 74.559998 74.57 73.559998 73.620003 2143600 59.939934
"2015-12-31" 73.209999 73.209999 72.470001 72.610001 3488200 59.117645
"2016-01-04" 71.839996 73.709999 71.529999 73.550003 8233300 59.882954
"2016-01-05" 73.739998 75.239998 73.629997 74.839996 8191400 60.93325
"2016-01-06" 73.800003 74.800003 73.379997 74.080002 4921400 60.314465
"2016-01-07" 73.580002 76 73.489998 73.879997 11289900 60.151627
"2016-01-08" 74.209999 74.790001 71.269997 71.379997 7749000 58.116177
"2016-01-11" 71.529999 72.75 70.510002 72.419998 6369700 58.962917
"2016-01-12" 72.970001 73.550003 72.629997 73.360001 4851100 59.728252
"2016-01-13" 73.290001 73.75 71.550003 71.639999 5963500 58.327873
"2016-01-14" 71.620003 71.639999 70 70.410004 6283200 57.326443
"2016-01-15" 68.830002 70.589996 68.830002 70.080002 7435800 57.057751
"2016-01-19" 69.849998 70.559998 68.699997 69.239998 5645400 56.373833
"2016-01-20" 68.220001 68.620003 66.459999 67.589996 9395700 55.030415
"2016-01-21" 68.07 69.669998 67.540001 68.639999 6869300 55.885326
"2016-01-22" 69.18 69.980003 69.139999 69.720001 3740800 56.764641
"2016-01-25" 69.769997 69.989998 68.849998 68.919998 5312200 56.113289
"2016-01-26" 69.389999 70.650002 69.010002 70.440002 4052600 57.350838
"2016-01-27" 70.209999 71.870003 70.080002 70.690002 3961400 57.55439
"2016-01-28" 71.309998 71.440002 70.18 70.989998 4073300 57.798637
"2016-01-29" 71.139999 72.529999 71.019997 72.419998 5184500 58.962917
"2016-02-01" 71.25 73.209999 70.330002 72.830002 4714900 59.296738
"2016-02-02" 72.709999 73.410004 72.32 73.309998 4635500 59.687538
"2016-02-03" 73.860001 73.940002 71.599998 72.57 5444900 59.085052
"2016-02-04" 70.669998 70.669998 69.129997 70.040001 7650400 57.025177
"2016-02-05" 70.040001 70.75 69.449997 69.559998 3764200 56.634365
"2016-02-08" 69.18 70.290001 68.239998 70 5392400 56.992611
"2016-02-09" 69.800003 70.470001 68.970001 69.860001 5110600 56.878616
"2016-02-10" 70.43 70.699997 68.57 68.760002 4691200 55.983028
"2016-02-11" 68.32 69.169998 67.650002 68.050003 3846100 55.404961
"2016-02-12" 68.029999 69.980003 67.43 69.949997 4651800 57.424458
"2016-02-16" 70.620003 71.559998 69.699997 71.5 3952000 58.696907
"2016-02-17" 72.199997 72.650002 71.519997 72.099998 4933400 59.18948
"2016-02-18" 70.949997 72.669998 69.5 72.529999 5394800 59.542465
"2016-02-19" 72.199997 72.32 70.559998 72.32 4390800 59.370075
"2016-02-22" 72.32 73.25 72.260002 72.470001 4766400 59.49321
"2016-02-23" 72.830002 74.379997 72.669998 73.989998 5823100 60.741051
"2016-02-24" 74.389999 77 73.400002 76.940002 15048400 63.162807
"2016-02-25" 77 78.82 76.160004 78.669998 8383100 64.583038
"2016-02-26" 78.900002 78.970001 77.32 78.43 5190100 64.385986
"2016-02-29" 78.269997 79.169998 78.019997 78.449997 5226200 64.402428
"2016-03-01" 79.120003 81.050003 78.879997 80.959999 7174400 66.462975
"2016-03-02" 80.940002 81.639999 80.18 81.099998 9385300 66.577888
"2016-03-03" 80.510002 80.690002 78.57 79.709999 11353900 65.436783
"2016-03-04" 80.07 81.599998 79.459999 81.129997 6059200 66.602509
"2016-03-07" 80.529999 81.199997 80.25 80.82 4665000 66.348061
"2016-03-08" 80.550003 81.400002 80.459999 80.529999 3981100 66.109962
"2016-03-09" 81 81.5 80.589996 81.209999 3573100 66.668205
"2016-03-10" 81.610001 82.029999 80.300003 81.5 5694800 66.906281
"2016-03-11" 81.889999 82.449997 81.519997 81.870003 4103300 67.210022
"2016-03-14" 81.849998 82.099998 81.269997 81.769997 3548800 67.12793
"2016-03-15" 81.360001 81.889999 81.18 81.650002 3213000 67.029411
"2016-03-16" 81.889999 82.449997 80.959999 82.389999 4066000 67.636902
"2016-03-17" 82.260002 83.32 82.260002 83.019997 5689900 68.154091
"2016-03-18" 83.370003 84 82.699997 82.709999 7754400 67.899605
"2016-03-21" 82.5 82.900002 82.129997 82.199997 4656000 67.480927
"2016-03-22" 82.389999 82.620003 81.650002 81.699997 5264600 67.070473
"2016-03-23" 81.730003 82.349998 81.5 81.5 4792700 66.906281
"2016-03-24" 81.360001 82.18 81.18 82.040001 4304900 67.349586
"2016-03-28" 82.379997 83.440002 82.309998 82.800003 5692900 67.973488
"2016-03-29" 82.860001 83.269997 82.120003 82.970001 3576500 68.113045
"2016-03-30" 83.419998 83.900002 82.970001 83.599998 3205900 68.630226
"2016-03-31" 82.5 83.150002 80.980003 82.279999 9481500 67.546616
"2016-04-01" 81.760002 83.190002 81.760002 82.760002 4288800 67.940659
"2016-04-04" 82.889999 83.360001 82.120003 82.300003 3753600 67.563034
"2016-04-05" 82.150002 82.599998 81.809998 82.099998 4397200 67.398827
"2016-04-06" 82.050003 82.410004 81.660004 82.169998 3885500 67.456291
"2016-04-07" 81.949997 82.32 81 81.57 4138800 66.963737
"2016-04-08" 81.260002 81.379997 80.550003 80.879997 3958500 66.397301
"2016-04-11" 80.940002 81.339996 79.709999 79.769997 4683000 65.486031
"2016-04-12" 79.940002 81.059998 79.360001 80.779999 3338900 66.31517
"2016-04-13" 81.110001 81.669998 80.489998 81.559998 2497900 66.955528
"2016-04-14" 81.349998 82.099998 81.279999 81.779999 2689900 67.136131
"2016-04-15" 82.07 83.059998 82 82.599998 3547000 67.80928
"2016-04-18" 82.669998 83.75 82.660004 83.419998 3716800 68.482468
"2016-04-19" 83.5 84.139999 83.389999 83.980003 3423700 68.942177
"2016-04-20" 83.940002 83.959999 82.519997 82.870003 3737200 68.030975
"2016-04-21" 83.080002 83.629997 82.5 82.75 3328900 67.932442
"2016-04-22" 82.889999 83.129997 82.150002 82.330002 3208300 67.587646
"2016-04-25" 82.150002 82.599998 81.599998 82.599998 3163700 67.80928
"2016-04-26" 82.639999 83.110001 82.43 82.599998 2933800 67.80928
"2016-04-27" 82.669998 83.57 82.199997 83.290001 3580200 68.375725
"2016-04-28" 82.82 82.989998 81.150002 81.330002 3833000 66.766731
"2016-04-29" 80.599998 80.68 79.010002 79.5 6838700 65.264412
"2016-05-02" 79.449997 80.160004 79.040001 80.120003 4891900 65.773376
"2016-05-03" 79.970001 80.339996 79.57 79.989998 3231300 65.666672
"2016-05-04" 79.669998 80.269997 79.43 79.709999 3214500 65.436783
"2016-05-05" 79.559998 79.709999 77.620003 78.129997 5655500 64.139725
"2016-05-06" 78.129997 78.860001 77.849998 78.739998 3467700 64.640488
"2016-05-09" 79.089996 80.300003 78.769997 79.93 4391500 65.617409
"2016-05-10" 79.860001 80.510002 79.300003 80.050003 3855000 65.715927
"2016-05-11" 77.059998 77.370003 75.68 75.699997 11492700 62.144844
"2016-05-12" 75.330002 76.400002 75.309998 75.599998 9124900 62.062729
"2016-05-13" 75.260002 75.389999 73.779999 73.879997 9456800 60.650738
"2016-05-16" 73.550003 75.349998 73 74.610001 8756400 61.717834
"2016-05-17" 74.650002 75.099998 73.059998 73.610001 9292800 60.890621
"2016-05-18" 67.480003 68.620003 65.5 68 36405600 56.250008
"2016-05-19" 68.160004 68.709999 66.790001 67.059998 12987700 55.472424
"2016-05-20" 67.389999 69.139999 67 68.660004 9325800 56.795967
"2016-05-23" 68.779999 69.050003 67.860001 67.93 7890200 56.192097
"2016-05-24" 68.07 69.220001 68.019997 68.690002 7586700 56.820778
"2016-05-25" 68.82 69.68 68.32 69.279999 8697700 57.308842
"2016-05-26" 69.629997 70.110001 68.800003 68.910004 7018000 57.002766
"2016-05-27" 68.980003 69.529999 68.760002 68.900002 4811900 56.994484
"2016-05-31" 69.279999 69.470001 68.470001 68.779999 8560500 56.895233
"2016-06-01" 68.959999 68.959999 68.010002 68.410004 8786700 56.589146
"2016-06-02" 67.739998 68.419998 67.739998 68.32 13664100 56.514706
"2016-06-03" 68.379997 69.029999 68.07 68.650002 7251000 56.787678
"2016-06-06" 68.620003 69.220001 68.230003 68.809998 5623900 56.920048
"2016-06-07" 69.220001 69.639999 68.190002 68.239998 5375400 56.448536
"2016-06-08" 68.349998 68.910004 68.120003 68.620003 5708900 56.762867
"2016-06-09" 68.580002 68.870003 67.360001 67.690002 6122900 55.993572
"2016-06-10" 67.449997 68.129997 67.050003 67.879997 4743600 56.150734
"2016-06-13" 67.849998 68.089996 66.839996 66.889999 4603700 55.331802
"2016-06-14" 66.669998 66.940002 65.93 66.739998 5271800 55.207722
"2016-06-15" 66.980003 67.849998 66.889999 67.269997 5894700 55.646145
"2016-06-16" 67.220001 67.540001 66.730003 66.980003 4967900 55.406265
"2016-06-17" 67.010002 68.089996 66.870003 67.5 7864300 55.836399
"2016-06-20" 68.110001 68.889999 67.989998 67.989998 4327200 56.241745
"2016-06-21" 68.269997 68.839996 67.669998 68.300003 4579800 56.498169
"2016-06-22" 68.260002 69.199997 68.260002 68.860001 4421800 56.961391
"2016-06-23" 69.370003 70.199997 69.290001 69.779999 7511100 57.722431
"2016-06-24" 68.230003 69.860001 68.080002 69.349998 6760800 57.36673
"2016-06-27" 69.050003 69.720001 67.900002 69.449997 5570000 57.44944
"2016-06-28" 69.709999 70.410004 69.059998 69.739998 7325300 57.689354
"2016-06-29" 69.760002 70.580002 69.68 70 6771300 57.904419
"2016-06-30" 70.199997 70.300003 69.400002 69.82 6502300 57.755516
"2016-07-01" 69.639999 70.5 69.599998 70.050003 5005400 57.945782
"2016-07-05" 70 70.209999 69.379997 69.739998 3311100 57.689354
"2016-07-06" 69.540001 70.540001 69.440002 70.510002 3907800 58.326317
"2016-07-07" 70.459999 70.919998 69.75 70.089996 5088100 57.978859
"2016-07-08" 70.669998 71.57 70.459999 71.309998 4675400 58.988052
"2016-07-11" 71.400002 72.720001 71.349998 72.540001 5264100 60.005516
"2016-07-12" 72.489998 73.599998 72.440002 73.519997 6648500 60.816177
"2016-07-13" 73.519997 73.839996 73.089996 73.169998 3606700 60.526669
"2016-07-14" 73.589996 74.220001 73.489998 73.489998 4802000 60.791378
"2016-07-15" 73.489998 73.790001 72.5 73.040001 5205300 60.419121
"2016-07-18" 72.879997 74.019997 72.879997 73.959999 3852600 61.180141
"2016-07-19" 73.889999 74.019997 73.410004 73.949997 4255700 61.17189
"2016-07-20" 74.199997 74.5 73.959999 74.480003 2802300 61.610306
"2016-07-21" 74.410004 74.690002 74.150002 74.339996 3269200 61.494488
"2016-07-22" 74.5 75 74.169998 74.919998 2514400 61.974281
"2016-07-25" 74.940002 76.330002 74.870003 76.300003 4208000 63.115818
"2016-07-26" 76.379997 77.379997 76.029999 76.220001 5027200 63.049644
"2016-07-27" 76.379997 76.379997 75.040001 75.25 3161800 62.247261
"2016-07-28" 75.040001 75.230003 74.050003 74.790001 4165900 61.866734
"2016-07-29" 74.900002 75.389999 74.540001 75.330002 4969000 62.313423
"2016-08-01" 74.839996 75.559998 74.669998 75.510002 3818200 62.462334
"2016-08-02" 75.959999 76.440002 73.690002 73.889999 5071800 61.122246
"2016-08-03" 73.209999 74.110001 72.160004 74.099998 5490100 61.295967
"2016-08-04" 74 74.470001 73.779999 74.139999 3095300 61.329052
"2016-08-05" 74.510002 75.110001 74.339996 74.940002 3056600 61.990814
"2016-08-08" 75 75.519997 74.550003 75 3022200 62.040436
"2016-08-09" 73.620003 73.620003 71.739998 72.610001 7492600 60.063438
"2016-08-10" 72.879997 73.379997 72.669998 73.050003 4037400 60.427402
"2016-08-11" 75.150002 75.18 73.529999 74.010002 6311400 61.221523
"2016-08-12" 74.360001 75.959999 74.260002 75.809998 6670900 62.710487
"2016-08-15" 75.580002 76.230003 75.269997 75.529999 5373400 62.977291
"2016-08-16" 75.480003 76.080002 75.120003 75.480003 6924200 62.935623
"2016-08-17" 70.480003 71.650002 69.900002 70.629997 19611500 58.891659
"2016-08-18" 70.43 70.709999 69.239998 70.300003 11650900 58.616474
"2016-08-19" 70.110001 70.720001 69.989998 70.120003 5930800 58.466427
"2016-08-22" 70.300003 70.580002 69.82 70.389999 4548900 58.691555
"2016-08-23" 70.589996 71.5 70.589996 71.050003 5622700 59.241859
"2016-08-24" 71.230003 71.940002 71.190002 71.730003 5780500 59.808838
"2016-08-25" 71.410004 72.099998 70.589996 70.809998 5068000 59.041721
"2016-08-26" 70.779999 71.5 70.080002 70.349998 5023100 58.658184
"2016-08-29" 70.43 71.139999 70.300003 71.050003 3992200 59.241859
"2016-08-30" 71.050003 71.139999 70.110001 70.389999 4031800 58.691555
"2016-08-31" 70.169998 70.849998 69.93 70.190002 5025100 58.524784
"2016-09-01" 70.339996 70.699997 70.099998 70.580002 5199900 58.849968
"2016-09-02" 70.949997 71.43 70.459999 70.809998 7857000 59.041721
"2016-09-06" 70.879997 70.959999 69.57 70.099998 8235200 58.449749
"2016-09-07" 69.940002 70.419998 69.809998 70.300003 5131500 58.616474
"2016-09-08" 70.300003 70.300003 69.419998 69.459999 9141200 57.916103
"2016-09-09" 69.040001 69.419998 68.75 69 6177800 57.532555
"2016-09-12" 68.449997 69.519997 68.209999 69.300003 8167900 57.782688
"2016-09-13" 69.099998 69.449997 68.82 68.940002 9374900 57.482513
"2016-09-14" 69.290001 69.459999 68.089996 68.199997 6638000 56.865513
"2016-09-15" 68.059998 69.32 67.919998 69.209999 5370900 57.707661
"2016-09-16" 68.919998 69.330002 68.760002 69.230003 7138000 57.724331
"2016-09-19" 69.379997 69.769997 68.870003 68.889999 4504600 57.440826
"2016-09-20" 69.190002 69.290001 68.470001 68.620003 2988200 57.215706
"2016-09-21" 69.150002 69.639999 68.720001 69.470001 4311000 57.924438
"2016-09-22" 69.660004 70.059998 68.040001 68.559998 7619200 57.165684
"2016-09-23" 68.370003 68.980003 68.300003 68.769997 3541900 57.340767
"2016-09-26" 68.449997 68.449997 67.120003 67.220001 6902800 56.048378
"2016-09-27" 68.050003 68.5 67.730003 68.290001 5778400 56.940548
"2016-09-28" 68.220001 68.360001 67.730003 67.82 3376000 56.548656
"2016-09-29" 67.849998 68.269997 67.669998 67.720001 2887300 56.465294
"2016-09-30" 67.769997 68.900002 67.769997 68.68 4900500 57.265743
"2016-10-03" 68.5 69.029999 68.379997 68.68 3295900 57.265743
"2016-10-04" 68.779999 69.559998 68.5 68.650002 4376500 57.240711
"2016-10-05" 68.620003 68.720001 67.629997 67.739998 4762300 56.481953
"2016-10-06" 67.540001 68.580002 67.209999 68.410004 5032300 57.040596
"2016-10-07" 68.610001 69.209999 68.480003 69.040001 3863100 57.565922
"2016-10-10" 69.410004 69.410004 68.690002 68.860001 2724100 57.415813
"2016-10-11" 68.790001 69.019997 68.279999 68.389999 3029900 57.023926
"2016-10-12" 68.459999 68.559998 67.809998 67.860001 4279600 56.582008
"2016-10-13" 67.669998 68.18 67.309998 67.889999 3292100 56.607029
"2016-10-14" 67.900002 68.550003 67.709999 68.110001 3818700 56.790478
"2016-10-17" 67.980003 68 67.089996 67.239998 4059500 56.065063
"2016-10-18" 67.550003 67.720001 67.010002 67.360001 3011600 56.165108
"2016-10-19" 67.629997 67.699997 67.120003 67.529999 2619600 56.306862
"2016-10-20" 67.620003 67.889999 67.449997 67.709999 3961200 56.456936
"2016-10-21" 67.43 68.449997 67.25 68.230003 3121800 56.890526
"2016-10-24" 68.330002 68.699997 68 68.260002 2545800 56.915535
"2016-10-25" 68 68.330002 67.800003 67.949997 2553100 56.65704
"2016-10-26" 67.879997 68.959999 67.790001 68.589996 2846500 57.190697
"2016-10-27" 68.589996 68.779999 67.489998 67.620003 3731200 56.381893
"2016-10-28" 67.720001 69.25 67.720001 68.830002 4114500 57.39082
"2016-10-31" 68.779999 69.25 68.510002 68.730003 3349500 57.307442
"2016-11-01" 68.660004 68.830002 67.400002 67.779999 4019500 56.515316
"2016-11-02" 67.720001 68.489998 67.349998 68.260002 3970600 56.915535
"2016-11-03" 68.540001 68.589996 66.550003 66.669998 5068400 55.58979
"2016-11-04" 66.720001 67.309998 66.519997 66.529999 3937300 55.473061
"2016-11-07" 67.220001 67.57 67.029999 67.529999 4777700 56.306862
"2016-11-08" 67.360001 67.739998 66.650002 67.050003 5097500 55.906643
"2016-11-09" 66.290001 69.25 66.010002 68.809998 9570700 57.374134
"2016-11-10" 69.669998 72.199997 69.389999 70.540001 9639100 58.816639
"2016-11-11" 70.43 71.540001 70.199997 71.349998 5330600 59.491997
"2016-11-14" 71.07 72.879997 70.849998 72.169998 7455400 60.686043
"2016-11-15" 72.309998 72.370003 71.169998 71.440002 7693800 60.072208
"2016-11-16" 77.5 78.300003 75.559998 76.029999 22059200 63.931835
"2016-11-17" 76.18 76.43 75.400002 76.129997 8065000 64.015915
"2016-11-18" 75.900002 76.389999 75.690002 76.190002 6057500 64.06636
"2016-11-21" 76.120003 76.809998 76 76.510002 4477000 64.335457
"2016-11-22" 76.889999 78.129997 76.860001 77.870003 5853300 65.479034
"2016-11-23" 77.93 78.959999 77.580002 78.480003 6768400 65.991959
"2016-11-25" 78.849998 79.330002 78.419998 78.610001 2543800 66.101273
"2016-11-28" 78.370003 78.940002 77.5 77.720001 5405500 65.352905
"2016-11-29" 78 78.690002 77.75 78.410004 4694000 65.933128
"2016-11-30" 77.730003 78.040001 77.059998 77.239998 5819100 64.94928
"2016-12-01" 76.860001 78.580002 76.589996 77.82 6685300 65.436981
"2016-12-02" 77.239998 78.400002 76.830002 77.940002 7523700 65.537903
"2016-12-05" 78.010002 78.080002 76.800003 76.980003 7173300 64.730667
"2016-12-06" 76.910004 77.080002 76.050003 76.769997 7704200 64.554085
"2016-12-07" 76.790001 77.18 76.099998 76.970001 6791000 64.72226
"2016-12-08" 77.349998 78.419998 77.160004 77.839996 5090500 65.453804
"2016-12-09" 77.440002 77.690002 76.879997 77.389999 4047700 65.075417
"2016-12-12" 76.980003 77.43 76.349998 76.739998 4489300 64.528854
"2016-12-13" 77 78.059998 76.489998 77.669998 4925600 65.310867
"2016-12-14" 77.449997 77.849998 76.849998 77.190002 6045400 64.907242
"2016-12-15" 77.139999 77.690002 76.790001 76.980003 4089400 64.730667
"2016-12-16" 77.040001 78.370003 76.470001 76.75 8217400 64.537254
"2016-12-19" 76.580002 77.639999 76.519997 77.040001 2856600 64.781105
"2016-12-20" 77.349998 78 77.260002 77.650002 3504600 65.29406
"2016-12-21" 77.370003 77.870003 77.120003 77.129997 2152400 64.856789
"2016-12-22" 76.849998 77 73.410004 73.739998 8438800 62.00621
"2016-12-23" 73.980003 74.480003 73.290001 73.5 3333700 61.80439
"2016-12-27" 73.830002 74.230003 73.559998 73.699997 2200300 61.972576
"2016-12-28" 73.75 73.980003 72.75 72.830002 2648500 61.241016
"2016-12-29" 72.779999 73.169998 72.43 72.620003 2795300 61.064442
"2016-12-30" 72.709999 72.93 71.879997 72.230003 3069200 60.736504
"2017-01-03" 72.660004 72.889999 71.989998 72.75 3907100 61.17374
"2017-01-04" 73.099998 74.239998 73.099998 73.809998 5316200 62.065075
"2017-01-05" 72.330002 72.720001 70.849998 72.559998 7096300 61.013996
"2017-01-06" 71.980003 72.230003 71.18 71.440002 5235100 60.072208
"2017-01-09" 71.550003 71.870003 71.360001 71.43 3814300 60.063786
"2017-01-10" 71.379997 72.010002 71.010002 71.43 4681800 60.063786
"2017-01-11" 71.68 71.93 71.330002 71.610001 3479900 60.215157
"2017-01-12" 71.43 71.709999 70.790001 71.25 4163200 59.912441
"2017-01-13" 71.07 71.379997 70.029999 70.190002 5332300 59.021122
"2017-01-17" 70.760002 72.080002 70.629997 70.940002 5426700 59.651764
"2017-01-18" 68 68 66.349998 66.849998 19063200 56.212563
"2017-01-19" 66.330002 66.879997 65.059998 65.389999 12274900 54.984905
"2017-01-20" 65.389999 65.410004 63.779999 64.099998 12983500 53.900169
"2017-01-23" 64.07 64.550003 63.549999 63.849998 7909000 53.689953
"2017-01-24" 63.849998 64.419998 63.610001 64.410004 6084400 54.160839
"2017-01-25" 64.730003 65.169998 64.660004 65 5702500 54.65696
"2017-01-26" 64.849998 64.910004 64.120003 64.169998 4393100 53.959034
"2017-01-27" 64.550003 64.769997 62.939999 63.700001 7472000 53.56382
"2017-01-30" 63.700001 64.139999 63.490002 64.120003 5220500 53.916996
"2017-01-31" 63.799999 64.5 63.450001 64.480003 5735100 54.219704
"2017-02-01" 63.98 64.160004 63.459999 63.669998 5307400 53.538601
"2017-02-02" 63.91 64.169998 63.66 63.68 5518400 53.547009
"2017-02-03" 63.860001 64.349998 63.52 63.75 4965300 53.605865
"2017-02-06" 63.77 63.950001 63.360001 63.419998 6003300 53.328377
"2017-02-07" 63.880001 64.160004 63.450001 63.57 4256000 53.45451
"2017-02-08" 63.509998 64.910004 63.380001 64.769997 4511000 54.463547
"2017-02-09" 64.769997 66.540001 64.610001 66.410004 7754800 55.842594
"2017-02-10" 66.510002 66.959999 65.220001 65.730003 5520800 55.270794
"2017-02-13" 65.620003 65.699997 64.529999 64.809998 4218200 54.999237
"2017-02-14" 64.519997 65.660004 64.519997 65.650002 5117100 55.712086
"2017-02-15" 65.5 65.949997 65.239998 65.75 3974000 55.796951
"2017-02-16" 65.769997 65.849998 65.029999 65.199997 3325000 55.330196
"2017-02-17" 65.239998 65.900002 64.919998 65.790001 4235400 55.830887
"2017-02-21" 66.260002 66.389999 65.790001 66.209999 4838600 56.187321
"2017-02-22" 66.059998 66.279999 65.599998 65.940002 3029400 55.958179
"2017-02-23" 66.040001 66.150002 64.870003 64.980003 4867900 55.143513
"2017-02-24" 65.260002 66.639999 64.93 66.510002 6909000 56.441902
"2017-02-27" 66.389999 67.080002 66.230003 66.910004 6839200 56.781345
"2017-02-28" 66.910004 66.910004 57.299999 58.77 45305400 49.873554
"2017-03-01" 58.779999 59.330002 57.349998 57.830002 22808000 49.075859
"2017-03-02" 58 58.52 57.75 57.950001 10976600 49.177692
"2017-03-03" 58.240002 58.279999 57.09 57.349998 9057200 48.668514
"2017-03-06" 57.299999 57.349998 56 56.099998 11313400 47.607727
"2017-03-07" 56.099998 56.43 55.049999 55.139999 13236500 46.793056
"2017-03-08" 55.439999 55.549999 55 55.02 9417300 46.691223
"2017-03-09" 55 55.349998 54.41 55.200001 10878100 46.843979
"2017-03-10" 55.349998 55.880001 55.049999 55.360001 7591300 46.979755
"2017-03-13" 55.380001 55.610001 54.84 55.189999 7522200 46.835484
"2017-03-14" 55.200001 55.369999 54.68 54.75 6000100 46.462093
"2017-03-15" 54.599998 54.709999 54.119999 54.57 8525500 46.309353
"2017-03-16" 54.400002 54.950001 54.25 54.59 6354100 46.326321
"2017-03-17" 54.700001 54.779999 54.290001 54.290001 14193800 46.071743
"2017-03-20" 54.549999 54.639999 53.939999 54.369999 9164000 46.139606
"2017-03-21" 54.41 54.459999 53.23 53.389999 9146700 45.307957
"2017-03-22" 53.349998 53.669998 52.77 53.580002 5869000 45.469204
"2017-03-23" 53.48 53.639999 53.049999 53.139999 5722400 45.09581
"2017-03-24" 53.25 53.349998 52.91 53.119999 4351800 45.078838
"2017-03-27" 53 53.75 52.849998 53.330002 7644400 45.25705
"2017-03-28" 53.189999 53.68 53.18 53.599998 4395800 45.486183
"2017-03-29" 53.650002 55.580002 53.549999 55.150002 9848600 46.80154
"2017-03-30" 55.060001 55.41 54.869999 55.25 4870200 46.886406
"2017-03-31" 55.200001 55.77 55.130001 55.189999 7457800 46.835484
"2017-04-03" 55.220001 55.23 53.849998 54.029999 6970900 45.851082
"2017-04-04" 53.82 53.990002 52.98 53.43 6578300 45.341908
"2017-04-05" 53.549999 53.84 52.720001 52.75 6810800 44.764847
"2017-04-06" 53.16 54.130001 53.07 53.57 8672400 45.460712
"2017-04-07" 53.470001 53.790001 52.970001 53.240002 5782100 45.180683
"2017-04-10" 53.48 54.34 53.400002 53.790001 4978100 45.647415
"2017-04-11" 53.810001 53.900002 53.139999 53.709999 4917500 45.579525
"2017-04-12" 53.360001 53.529999 53.189999 53.400002 4534800 45.316452
"2017-04-13" 53.490002 53.639999 53.290001 53.389999 5087400 45.307957
"2017-04-17" 53.360001 53.68 53.099998 53.68 4702400 45.55407
"2017-04-18" 53.599998 53.82 53.43 53.599998 4371000 45.486183
"2017-04-19" 53.790001 54.380001 53.709999 53.889999 5419600 45.732277
"2017-04-20" 54.209999 54.880001 54.110001 54.639999 5843200 46.368748
"2017-04-21" 54.540001 55.130001 54.540001 54.779999 5948300 46.487541
"2017-04-24" 55.16 55.290001 54.419998 54.82 5717900 46.521503
"2017-04-25" 54.900002 55.16 54.799999 55.150002 4096700 46.80154
"2017-04-26" 55.369999 56.290001 55.209999 55.98 6273500 47.505905
"2017-04-27" 55.98 56.169998 55.68 56.09 3881200 47.599255
"2017-04-28" 56.080002 56.080002 55.360001 55.849998 8428000 47.395576
"2017-05-01" 55.810001 56 55.52 55.77 5164200 47.32769
"2017-05-02" 55.740002 56.34 55.630001 56.16 4017100 47.658646
"2017-05-03" 56.139999 57.540001 55.919998 57.34 7542800 48.660015
"2017-05-04" 57.5 57.68 56.650002 57.290001 5508800 48.617588
"2017-05-05" 57.330002 57.580002 56.830002 57.32 4845500 48.643051
"2017-05-08" 57.509998 57.549999 57.029999 57.299999 4553800 48.626087
"2017-05-09" 57.41 58.650002 57.349998 58.080002 8020700 49.288013
"2017-05-10" 57.880001 58.490002 57.689999 58.41 6954300 49.568062
"2017-05-11" 57.75 57.869999 55.939999 56.060001 13327000 47.573788
"2017-05-12" 55.900002 56.009998 55 55.799999 8957000 47.353142
"2017-05-15" 55.32 56.139999 55.209999 55.349998 8392900 47.481831
"2017-05-16" 55.509998 55.560001 54.200001 54.529999 11944900 46.778389
"2017-05-17" 56.959999 56.970001 55.040001 55.040001 23241100 47.215897
"2017-05-18" 55.25 56.110001 55.16 55.830002 11919700 47.893597
"2017-05-19" 56.130001 56.439999 55.700001 55.990002 9949500 48.030849
"2017-05-22" 56.07 56.07 55.380001 55.459999 9528900 47.576195
"2017-05-23" 55.400002 55.43 54.439999 54.490002 7136800 46.744083
"2017-05-24" 54.509998 54.540001 53.759998 54.130001 6780700 46.435253
"2017-05-25" 54.34 54.560001 54.009998 54.200001 7360400 46.495304
"2017-05-26" 54.349998 54.549999 53.93 54.400002 3738300 46.666878
"2017-05-30" 54.509998 55.110001 54.360001 54.939999 5763600 47.130119
"2017-05-31" 55.25 55.299999 54.25 55.150002 8401700 47.310253
"2017-06-01" 55.25 55.889999 55.07 55.66 5165300 47.747757
"2017-06-02" 55.560001 55.790001 55.220001 55.52 4485200 47.627651
"2017-06-05" 55.57 55.68 54.93 55.630001 4236800 47.722019
"2017-06-06" 55.259998 55.27 54.32 54.580002 6395100 46.821281
"2017-06-07" 54.700001 54.830002 54.27 54.470001 5728200 46.726921
"2017-06-08" 54.470001 55.18 54.470001 54.630001 5767100 46.864182
"2017-06-09" 54.959999 57.07 54.73 56.900002 7889200 48.811489
"2017-06-12" 57.099998 58.330002 57.099998 57.869999 11661500 49.643589
"2017-06-13" 57.700001 57.84 56.75 57.380001 5947600 49.223259
"2017-06-14" 57.5 57.959999 56.82 57.860001 4337100 49.635029
"2017-06-15" 56.98 57.75 55.330002 55.459999 10528000 47.576195
"2017-06-16" 51.43 52.610001 48.560001 52.610001 49491700 45.131321
"2017-06-19" 52.869999 52.91 50.639999 51.709999 14747200 44.359261
"2017-06-20" 51.810001 51.869999 50.91 50.91 8795400 43.672993
"2017-06-21" 50.959999 51.790001 50.439999 50.52 9996500 43.338432
"2017-06-22" 50.610001 50.959999 50.049999 50.630001 6746000 43.432785
"2017-06-23" 50.599998 50.919998 50.380001 50.759998 6256700 43.544312
"2017-06-26" 50.830002 51.66 50.77 51.48 5805000 44.161961
"2017-06-27" 51.41 52.34 51.360001 52.07 6671600 44.668091
"2017-06-28" 52.130001 52.689999 51.900002 52.060001 6148000 44.659519
"2017-06-29" 52.25 52.630001 51.740002 52.09 4663000 44.685242
"2017-06-30" 52.25 52.43 51.91 52.290001 4008400 44.856815
"2017-07-03" 52.529999 52.880001 52.330002 52.650002 2790900 45.165642
"2017-07-05" 52.849998 53.18 51.919998 52.16 3960700 44.7453
"2017-07-06" 52 52.080002 51.369999 51.439999 3712700 44.127651
"2017-07-07" 51.48 51.73 50.689999 51.07 4882400 43.810234
"2017-07-10" 51.150002 51.169998 50.040001 50.18 6520000 43.046757
"2017-07-11" 50.23 50.779999 50.189999 50.41 4594300 43.244061
"2017-07-12" 50.48 51.16 50.459999 50.869999 4482100 43.638664
"2017-07-13" 52.25 53.709999 52 53.310001 23218000 45.731815
"2017-07-14" 53.48 53.540001 53.060001 53.23 5829200 45.663197
"2017-07-17" 53.23 54.169998 53.220001 53.73 12488000 46.092113
"2017-07-18" 53.580002 53.970001 53.259998 53.73 4526300 46.092113
"2017-07-19" 53.799999 54.209999 53.52 54.099998 3954200 46.409519
"2017-07-20" 54.16 54.93 53.98 54.580002 6665900 46.821281
"2017-07-21" 54.560001 55.009998 54.18 54.84 6355400 47.044327
"2017-07-24" 54.650002 54.860001 54.02 54.049999 5627100 46.366623
"2017-07-25" 54.209999 55.560001 54.189999 55.099998 4506500 47.267365
"2017-07-26" 55.060001 55.16 54.27 54.959999 3403400 47.147266
"2017-07-27" 54.959999 56.060001 54.529999 56.049999 4489100 48.082317
"2017-07-28" 56 56.360001 55.639999 56.110001 5372000 48.133804
"2017-07-31" 56.34 56.75 55.900002 56.669998 5662800 48.614178
"2017-08-01" 56.580002 56.880001 56.139999 56.860001 4029000 48.777172
"2017-08-02" 56.779999 57.119999 56.419998 56.799999 3677100 48.725697
"2017-08-03" 56.959999 57.380001 56.380001 57.040001 5321700 48.931587
"2017-08-04" 57.18 57.650002 57.16 57.580002 4462800 49.394825
"2017-08-07" 57.57 57.970001 57.5 57.880001 3903900 49.652184
"2017-08-08" 58 59.209999 58 58.740002 8129300 50.389931
"2017-08-09" 58.57 58.580002 57.380001 57.869999 6389400 49.643589
"2017-08-10" 57.32 57.32 55.470001 55.639999 10853100 47.730602
"2017-08-11" 55.34 55.919998 55.110001 55.650002 6022800 47.739185
"2017-08-14" 55.400002 56.049999 55.400002 55.790001 5775200 48.398487
"2017-08-15" 55.73 55.779999 54.25 54.349998 9457300 47.149269
"2017-08-16" 57 57 54.470001 56.310001 22059400 48.849598
"2017-08-17" 56.529999 57.060001 55.41 56.119999 15275200 48.684761
"2017-08-18" 55.91 56.360001 55.650002 55.650002 4738500 48.277042
"2017-08-21" 55.860001 57.119999 55.610001 56.560001 11604200 49.066483
"2017-08-22" 56.720001 56.91 56.25 56.540001 7969500 49.049122
"2017-08-23" 56.400002 56.889999 56.16 56.459999 4237800 48.979721
"2017-08-24" 57.169998 57.630001 53.900002 54.209999 15836400 47.027817
"2017-08-25" 54.41 55.400002 54.049999 55.009998 6979900 47.721828
"2017-08-28" 54.619999 54.860001 54.07 54.439999 6368500 47.227345
"2017-08-29" 54.189999 54.860001 54.049999 54.549999 4347800 47.322773
"2017-08-30" 54.57 54.84 54.150002 54.32 3494500 47.123245
"2017-08-31" 54.279999 55 54.18 54.529999 6017800 47.305424
"2017-09-01" 54.84 56.419998 54.84 56.220001 7047500 48.771515
"2017-09-05" 56.130001 57.41 56.119999 57.349998 7890400 49.751808
"2017-09-06" 57.490002 58.630001 57.470001 58.02 9376800 50.333042
"2017-09-07" 58.310001 58.860001 57.849998 58.419998 6951100 50.680046
"2017-09-08" 58.130001 58.27 55.66 57.27 10951400 49.682404
"2017-09-11" 57.560001 57.84 57.110001 57.290001 6057500 49.699749
"2017-09-12" 57.330002 58.59 57.240002 57.889999 5313700 50.220261
"2017-09-13" 57.970001 60.119999 57.93 59.509998 8704700 51.625633
"2017-09-14" 59.540001 59.689999 58.959999 59.470001 5057800 51.590931
"2017-09-15" 59.439999 60.09 59.130001 59.959999 6718700 52.016006
"2017-09-18" 60.130001 60.439999 59.07 59.09 5133100 51.26128
"2017-09-19" 59.200001 59.740002 58.759998 59.349998 3944000 51.486832
"2017-09-20" 59.419998 59.490002 58.66 59.259998 4830500 51.40876
"2017-09-21" 59.150002 59.150002 58 58.330002 5395400 50.601967
"2017-09-22" 58.41 59.049999 58.169998 58.990002 3510600 51.174541
"2017-09-25" 58 59.290001 57.950001 58.549999 5990400 50.79282
"2017-09-26" 58.549999 59.080002 58.34 58.59 4211000 50.827522
"2017-09-27" 58.560001 59.009998 57.849998 58.869999 4279400 51.070431
"2017-09-28" 58.900002 59.509998 58.740002 58.91 5183600 51.105114
"2017-09-29" 59.099998 59.57 58.68 59.009998 3816900 51.191872
"2017-10-02" 58.790001 59.080002 57.700001 58.889999 3909900 51.087772
"2017-10-03" 59.049999 59.240002 58.439999 58.580002 3580000 50.818848
"2017-10-04" 58.68 58.93 58.52 58.66 3037900 50.888256
"2017-10-05" 58.689999 58.889999 58.310001 58.380001 4868800 50.645348
"2017-10-06" 57.540001 57.66 56.73 57.119999 8925600 49.552277
"2017-10-09" 57.299999 57.299999 55.77 56.25 6312200 48.797546
"2017-10-10" 56.799999 57.849998 56.580002 57.599998 7358500 49.968681
"2017-10-11" 57.790001 59.669998 57.73 59.150002 11676600 51.313328
"2017-10-12" 59.009998 60.25 58.540001 60.189999 8970700 52.21553
"2017-10-13" 60.25 61.560001 59.950001 60.849998 6800500 52.788097
"2017-10-16" 60.360001 60.75 59.57 60.150002 4602200 52.18084
"2017-10-17" 60.169998 60.560001 59.860001 60.169998 3285900 52.198196
"2017-10-18" 60.169998 60.580002 60 60.029999 3538600 52.076744
"2017-10-19" 59.830002 60.540001 59.619999 60.43 4201300 52.42374
"2017-10-20" 60.68 61.799999 60.540001 61.759998 6053800 53.577538
"2017-10-23" 61.810001 63.619999 61.66 62.580002 8877800 54.288895
"2017-10-24" 62.869999 63.240002 62.299999 62.93 5644700 54.592522
"2017-10-25" 62.740002 62.970001 61.369999 61.919998 6352500 53.716335
"2017-10-26" 62.099998 62.669998 61.639999 62.009998 4287300 53.794411
"2017-10-27" 61.450001 61.560001 59.860001 60.259998 6964400 52.276272
"2017-10-30" 60.18 60.200001 59.310001 59.549999 6162200 51.660332
"2017-10-31" 59.490002 59.759998 58.91 59.040001 6458100 51.217907
"2017-11-01" 58.799999 59.419998 58.619999 58.860001 4710500 51.061752
"2017-11-02" 59.139999 59.950001 58.599998 59.790001 4790500 51.868534
"2017-11-03" 59.669998 60.119999 59.290001 59.360001 3992500 51.49551
"2017-11-06" 59.299999 59.400002 58.709999 59.290001 4538700 51.434788
"2017-11-07" 59.07 59.110001 57.66 57.889999 6587600 50.220261
"2017-11-08" 57.860001 58.950001 57.380001 58.369999 4921600 50.636673
"2017-11-09" 57.66 60.150002 57.189999 59.900002 8496200 51.963966
"2017-11-10" 59.91 61.41 59.91 61.400002 6854500 53.265232
"2017-11-13" 61.400002 61.950001 60.150002 60.400002 6608800 52.39772
"2017-11-14" 59.59 60.310001 59.150002 60.09 8018700 52.669437
"2017-11-15" 56.259998 57.91 54.040001 54.16 34811200 47.471745
"2017-11-16" 54.509998 55.32 54.130001 55.099998 12744700 48.29565
"2017-11-17" 55.759998 58.740002 55.720001 58.139999 16719400 50.960239
"2017-11-20" 57.970001 58.209999 57.110001 57.880001 7973000 50.732349
"2017-11-21" 57.849998 58.07 56.790001 57.25 6318400 50.180153
"2017-11-22" 57.419998 57.759998 57.07 57.490002 2867400 50.390511
"2017-11-24" 58.049999 58.130001 55.830002 55.880001 5892400 48.97934
"2017-11-27" 56.200001 56.389999 55.25 55.84 8277500 48.944267
"2017-11-28" 56.02 56.75 55.419998 56.619999 6312100 49.627949
"2017-11-29" 56.82 61.779999 56.82 61.68 18820900 54.06308
"2017-11-30" 61.650002 63.099998 59.84 59.900002 14923100 52.502907
"2017-12-01" 60 60.470001 58.900002 59.509998 8318000 52.161064
"2017-12-04" 60.650002 63.029999 60.540001 62.560001 11463100 54.834412
"2017-12-05" 62.389999 62.48 60.450001 62.200001 8184300 54.518864
"2017-12-06" 61.130001 62.279999 60.549999 60.720001 5562300 53.22163
"2017-12-07" 60.880001 61.66 60.5 61.09 3965300 53.545944
"2017-12-08" 61.099998 61.830002 60.650002 61.369999 3666500 53.791351
"2017-12-11" 61.580002 62.169998 61.150002 61.759998 4315300 54.133198
"2017-12-12" 61.759998 61.950001 60.880001 61.02 4769300 53.484592
"2017-12-13" 60.849998 62.830002 60.799999 62.669998 7998100 54.930824
"2017-12-14" 63.07 63.700001 61.889999 61.939999 6332000 54.290977
"2017-12-15" 62.709999 63.200001 62.349998 62.610001 9152100 54.878242
"2017-12-18" 63.349998 64.419998 63.349998 64.080002 6372500 56.166706
"2017-12-19" 64.330002 64.639999 63.869999 64.059998 6424900 56.149185
"2017-12-20" 64.199997 65.239998 64.169998 64.480003 8163800 56.517319
"2017-12-21" 64.599998 65.739998 64.519997 65.220001 7640900 57.165932
"2017-12-22" 65.470001 65.470001 64.669998 65.389999 3938900 57.314938
"2017-12-26" 65.400002 66.449997 65.25 65.82 2637700 57.691837
"2017-12-27" 66 66.110001 65.07 65.139999 3510600 57.095798
"2017-12-28" 65.230003 65.410004 64.599998 64.82 2467500 56.815331
"2017-12-29" 65.209999 65.739998 64.889999 65.25 5058100 57.192223
"2018-01-02" 65.949997 68.129997 65.949997 67.629997 8509000 59.278301
"2018-01-03" 68.629997 68.839996 67.099998 67.169998 6057500 58.875114
"2018-01-04" 67.230003 67.82 65.059998 65.849998 7124500 57.718128
"2018-01-05" 66.379997 66.739998 65.949997 66.550003 5549700 58.331684
"2018-01-08" 67.199997 68.32 66.25 67.18 8337200 58.883892
"2018-01-09" 69.519997 70.019997 68.5 69.139999 18160800 60.601849
"2018-01-10" 69.410004 71.760002 69.300003 70.730003 10985200 61.995487
"2018-01-11" 70.900002 74.059998 70.5 74 12186000 64.861671
"2018-01-12" 74.540001 77 74.449997 76.800003 14846000 67.315918
"2018-01-16" 76.879997 77.580002 74.639999 74.959999 10167900 65.703125
"2018-01-17" 74.989998 77.25 74.830002 76.82 7083700 67.333443
"2018-01-18" 76.860001 77.910004 76.260002 77.900002 7668600 68.280075
"2018-01-19" 78.169998 78.169998 76.889999 78.099998 7808100 68.455368
"2018-01-22" 78.110001 78.639999 77.57 78.580002 5621600 68.876083
"2018-01-23" 78.580002 78.699997 77.839996 78.120003 5372700 68.472885
"2018-01-24" 78.290001 78.290001 76.370003 76.889999 9765100 67.394783
"2018-01-25" 77.550003 77.559998 75.760002 76.300003 6347700 66.877655
"2018-01-26" 76.620003 77.019997 75.82 76.949997 4981200 67.447372
"2018-01-29" 76.669998 77.139999 76.379997 76.800003 3489400 67.315918
"2018-01-30" 76.389999 76.699997 74.82 75.099998 5626300 65.825844
"2018-01-31" 75.389999 75.75 74.599998 75.220001 8706300 65.931015
"2018-02-01" 74.629997 75.650002 74.150002 74.970001 4649100 65.711884
"2018-02-02" 74.279999 74.489998 72.720001 72.949997 6807800 63.941341
"2018-02-05" 72.449997 74.169998 70.510002 70.769997 6518200 62.030563
"2018-02-06" 69.540001 73.059998 68.389999 72.709999 8051600 63.730988
"2018-02-07" 72.529999 74.150002 72.339996 73.25 6521900 64.2043
"2018-02-08" 73.510002 73.889999 71.07 71.110001 5705500 62.328564
"2018-02-09" 71.809998 72.970001 68.910004 72.449997 7733200 63.50309
"2018-02-12" 73.129997 73.230003 71.529999 71.879997 4624500 63.003479
"2018-02-13" 71.860001 73.949997 71.68 73.879997 4417500 64.756493
"2018-02-14" 74.290001 76.620003 74.059998 75.349998 7388700 66.044952
"2018-02-15" 75.720001 76.209999 75.120003 76.040001 3428600 66.649765
"2018-02-16" 76.139999 76.809998 75.309998 75.699997 4279000 66.351753
"2018-02-20" 72.839996 73.839996 71.68 72.860001 7086000 64.389816
"2018-02-21" 73.220001 74.68 72.919998 72.959999 8645200 64.478203
"2018-02-22" 73.489998 75.959999 73.470001 75.029999 6987100 66.307564
"2018-02-23" 75.519997 76.300003 74.290001 75.410004 5475600 66.643387
"2018-02-26" 76.25 76.989998 75.18 76.900002 5779300 67.960167
"2018-02-27" 77.739998 78.43 75.269997 75.57 6234300 66.784782
"2018-02-28" 76.059998 76.68 75.410004 75.410004 5520500 66.643387
"2018-03-01" 75.510002 75.550003 73 74.129997 7084400 65.512169
"2018-03-02" 73.629997 75.480003 73.300003 75.150002 4956200 66.41362
"2018-03-05" 74.769997 75.75 73.949997 75.139999 7654800 66.404762
"2018-03-06" 74.25 74.639999 69.940002 71.790001 20019700 63.444214
"2018-03-07" 71.059998 72.139999 70.580002 71.43 7684600 63.126076
"2018-03-08" 71.43 71.580002 69.150002 69.75 8753900 61.641373
"2018-03-09" 70.379997 70.82 69.330002 70.489998 6813000 62.295341
"2018-03-12" 70.050003 70.989998 69.809998 70.669998 3665100 62.454414
"2018-03-13" 71 72.099998 70.879997 71.169998 4485800 62.896297
"2018-03-14" 71.440002 71.720001 70.379997 70.650002 4683700 62.436733
"2018-03-15" 71.279999 71.5 70.279999 70.629997 6528600 62.419056
"2018-03-16" 70.550003 71.43 70.410004 70.989998 7297000 62.737209
"2018-03-19" 70.919998 71.32 70.110001 70.339996 3214900 62.162785
"2018-03-20" 70.599998 71.769997 70.510002 71.559998 5015000 63.240959
"2018-03-21" 71.18 71.5 70.139999 70.139999 3792600 61.986027
"2018-03-22" 69.849998 70.480003 68.809998 68.889999 6614000 60.881351
"2018-03-23" 69.720001 69.940002 67.769997 67.879997 5261000 59.988747
"2018-03-26" 68.669998 70.629997 68.650002 70.279999 4893900 62.109756
"2018-03-27" 70.790001 70.900002 68.230003 68.510002 6896500 60.545521
"2018-03-28" 68.739998 71.769997 68.739998 69.18 8052400 61.137623
"2018-03-29" 69.230003 69.870003 68.860001 69.43 7594300 61.358582
"2018-04-02" 69.029999 69.379997 67.440002 68.980003 5903000 60.960869
"2018-04-03" 69.389999 69.940002 69.010002 69.529999 3484200 61.446949
"2018-04-04" 68.879997 71.93 68.849998 71.860001 5200200 63.506077
"2018-04-05" 71.959999 72.580002 70.739998 72.440002 4525100 64.018646
"2018-04-06" 71.769997 73.419998 71.519997 72.290001 6360100 63.886105
"2018-04-09" 72.449997 72.720001 71.410004 71.480003 3093300 63.170265
"2018-04-10" 72.860001 73.010002 71.830002 72.790001 4653900 64.327965
"2018-04-11" 72.480003 73.510002 72.139999 72.82 3545700 64.354454
"2018-04-12" 73.129997 73.589996 72.110001 72.43 3020200 64.009804
"2018-04-13" 72.779999 72.790001 71.139999 71.519997 3824400 63.205605
"2018-04-16" 71.940002 72.43 71.470001 72 4837600 63.629807
"2018-04-17" 72.809998 72.940002 72.389999 72.449997 3066500 64.027496
"2018-04-18" 72.730003 73.459999 72.419998 72.529999 3211100 64.098183
"2018-04-19" 72.309998 72.309998 70.18 70.980003 5816500 62.72839
"2018-04-20" 71.129997 71.639999 70.120003 70.32 4110000 62.145103
"2018-04-23" 70.75 71.080002 69.760002 70.949997 3346000 62.701862
"2018-04-24" 70.970001 71.959999 70.199997 70.529999 3946100 62.330696
"2018-04-25" 70.25 71.669998 69.900002 71.139999 2590900 62.86977
"2018-04-26" 71.32 72.139999 71.089996 71.879997 3112700 63.523743
"2018-04-27" 71.510002 73.080002 71.389999 72.849998 3711800 64.380989
"2018-04-30" 72.800003 73.690002 72.489998 72.599998 4810200 64.160049
"2018-05-01" 71.870003 72.300003 71.07 71.07 5619600 62.807907
"2018-05-02" 70.610001 71.519997 69.440002 71.449997 4603400 63.143738
"2018-05-03" 71.43 71.629997 70.57 71.150002 3217300 62.878605
"2018-05-04" 70.650002 71.389999 69.93 71.050003 2609500 62.790257
"2018-05-07" 70.919998 70.940002 68.900002 69.330002 5927700 61.270184
"2018-05-08" 69.309998 70.010002 69.040001 69.419998 3852300 61.349731
"2018-05-09" 68.68 70.120003 68.330002 69.93 4122900 61.800449
"2018-05-10" 69.75 70.5 69.169998 70.239998 3574200 62.074406
"2018-05-11" 69.940002 70.330002 69.300003 70.25 3032200 62.083252
"2018-05-14" 70.639999 73.129997 70.589996 72.900002 7312700 64.425186
"2018-05-15" 72.330002 73.449997 72.209999 73.080002 5e+06 65.138245
"2018-05-16" 73.980003 75.690002 73.940002 75.230003 8596200 67.054596
"2018-05-17" 75.18 76.379997 75.099998 75.830002 5476000 67.589401
"2018-05-18" 76.190002 76.550003 75.599998 75.940002 4317600 67.687439
"2018-05-21" 76.629997 77.190002 76.300003 76.870003 5073900 68.516373
"2018-05-22" 77 77.629997 75.190002 75.470001 7550100 67.268486
"2018-05-23" 71.470001 72.959999 70.860001 71.169998 17346600 63.435806
"2018-05-24" 71.25 71.529999 70.080002 70.940002 8246300 63.230816
"2018-05-25" 71.18 71.959999 70.93 71.209999 5984000 63.471432
"2018-05-29" 71 71.760002 70.699997 71.699997 6711000 63.908203
"2018-05-30" 72 74.050003 71.610001 73.470001 7652200 65.485847
"2018-05-31" 73.150002 73.599998 72.370003 72.889999 6418900 64.968895
"2018-06-01" 72.93 73.639999 72.580002 72.800003 4017300 64.888672
"2018-06-04" 73.25 76.82 73.239998 76.349998 7619000 68.052872
"2018-06-05" 76.32 78.839996 75.769997 78.5 8824700 69.969246
"2018-06-06" 78.599998 78.790001 77.639999 77.900002 4396700 69.434433
"2018-06-07" 78.699997 79.360001 78.080002 78.349998 5668000 69.835541
"2018-06-08" 78.190002 78.940002 77.860001 78.019997 4815200 69.541397
"2018-06-11" 78.269997 79.360001 77.879997 79.059998 4291400 70.468369
"2018-06-12" 79.480003 79.589996 78.360001 79.07 4251900 70.477295
"2018-06-13" 79.43 79.510002 78 78.019997 3502700 69.541397
"2018-06-14" 78.220001 78.82 77.019997 77.220001 4246800 68.828331
"2018-06-15" 77.279999 77.400002 76.339996 77.25 6780000 68.85508
"2018-06-18" 76.330002 77.919998 76.190002 77.120003 3341000 68.739212
"2018-06-19" 76.629997 76.959999 75.919998 76.57 3926700 68.248962
"2018-06-20" 77.160004 77.239998 74.5 75.389999 5147600 67.197212
"2018-06-21" 75.389999 77.230003 75.239998 76.139999 4261000 67.865707
"2018-06-22" 76.730003 76.870003 75.580002 76.040001 3254500 67.776558
"2018-06-25" 76.120003 77.150002 76.089996 76.839996 6191500 68.489624
"2018-06-26" 76.650002 77.080002 76.239998 76.330002 3575900 68.035057
"2018-06-27" 76.360001 78.5 76.360001 76.870003 4328100 68.516373
"2018-06-28" 76.739998 77.110001 75 75.599998 4670700 67.384392
"2018-06-29" 76.330002 76.970001 76.040001 76.120003 3438400 67.847862
"2018-07-02" 75.75 76.150002 74.779999 75.769997 3518800 67.535919
"2018-07-03" 75.980003 77.5 75.959999 76.629997 1993300 68.30246
"2018-07-05" 76.730003 76.879997 75.589996 76.550003 2772100 68.231148
"2018-07-06" 76.199997 77.129997 75.449997 76.790001 2380600 68.445045
"2018-07-09" 77.150002 78.260002 77.099998 77.760002 3397100 69.309654
"2018-07-10" 78.029999 78.480003 77.75 78.300003 3831400 69.79097
"2018-07-11" 77.889999 78.209999 76.959999 77.580002 3001100 69.1492
"2018-07-12" 78.18 78.18 75.980003 76.5 3472600 68.186584
"2018-07-13" 76.959999 78.370003 76.959999 77.720001 2958900 69.274002
"2018-07-16" 77.5 77.720001 76.190002 77.209999 3405600 68.81942
"2018-07-17" 77.029999 78.190002 76.870003 77.269997 3179100 68.872902
"2018-07-18" 77.419998 77.809998 76.620003 76.849998 4161000 68.49855
"2018-07-19" 77.089996 78.839996 77.040001 78.459999 5180200 69.933578
"2018-07-20" 78.279999 78.639999 77.629997 77.760002 2896300 69.309654
"2018-07-23" 77.949997 78.93 77.879997 78.690002 3415900 70.138588
"2018-07-24" 78.949997 80.059998 78.849998 79.360001 5504400 70.735786
"2018-07-25" 79.599998 80.18 79.160004 79.989998 3655700 71.29731
"2018-07-26" 79.959999 81.290001 79.540001 79.860001 4409300 71.18145
"2018-07-27" 80.449997 81 79.660004 80.129997 3361600 71.422096
"2018-07-30" 80.190002 81.290001 80.190002 81.209999 3781800 72.384727
"2018-07-31" 81.019997 81.290001 80.529999 80.68 3959500 71.912346
"2018-08-01" 80.599998 80.910004 78.339996 78.949997 4204800 70.370331
"2018-08-02" 78.93 80.940002 78.809998 80.760002 4180100 71.983635
"2018-08-03" 81.040001 81.949997 81.010002 81.449997 3142400 72.59864
"2018-08-06" 81.190002 81.779999 81.080002 81.610001 2467200 72.741264
"2018-08-07" 81.959999 82.800003 81.800003 82.239998 2910700 73.302788
"2018-08-08" 82.239998 82.510002 81.68 82.389999 2674100 73.436485
"2018-08-09" 82.510002 83.059998 82.230003 82.620003 3025200 73.641525
"2018-08-10" 82.300003 83.169998 82.230003 82.709999 2343300 73.721733
"2018-08-13" 82.989998 83.190002 81.650002 82.059998 3895600 73.142349
"2018-08-14" 82.099998 82.889999 82.010002 82.68 4680400 74.274261
"2018-08-15" 82.010002 82.110001 79.370003 80.690002 6191700 72.48658
"2018-08-16" 82.089996 82.410004 81.110001 82.07 6603600 73.726288
"2018-08-17" 82.449997 84.139999 82.349998 83.040001 7431500 74.597664
"2018-08-20" 83.199997 83.470001 82.529999 83.32 5699300 74.849213
"2018-08-21" 83.379997 83.720001 82.440002 83.269997 8030000 74.804283
"2018-08-22" 88.050003 88.889999 84.480003 85.940002 19633800 77.202827
"2018-08-23" 86.25 87.190002 85.849998 86.709999 7409600 77.894554
"2018-08-24" 86.440002 87.730003 86.139999 87.309998 4505200 78.433548
"2018-08-27" 87.379997 87.589996 86.220001 86.599998 3940300 77.795738
"2018-08-28" 86.959999 87.629997 86.449997 86.699997 3953800 77.885559
"2018-08-29" 86.919998 87.75 86.209999 87.629997 3307100 78.721008
"2018-08-30" 87.010002 87.730003 86.769997 87.309998 2940500 78.433548
"2018-08-31" 86.800003 87.589996 86.800003 87.5 3469400 78.604218
"2018-09-04" 87.410004 88.980003 87.410004 88.949997 3562700 79.906792
"2018-09-05" 88.93 89.419998 88.150002 88.599998 7113900 79.592407
"2018-09-06" 89.199997 90.199997 88.800003 88.879997 4504900 79.843941
"2018-09-07" 88.980003 89.989998 88.209999 88.739998 4614900 79.718163
"2018-09-10" 89.400002 90.389999 88.919998 89.260002 4156000 80.185303
"2018-09-11" 89.389999 89.830002 88.730003 88.800003 3070200 79.772057
"2018-09-12" 88.940002 89.199997 88.269997 88.650002 2920500 79.637329
"2018-09-13" 88.629997 88.940002 87.949997 88.080002 3756500 79.125259
"2018-09-14" 88.120003 88.519997 87.540001 87.940002 3433300 78.999496
"2018-09-17" 88.18 88.209999 87.139999 87.279999 2857300 78.406609
"2018-09-18" 86.959999 87.970001 86.650002 87.68 5014100 78.76593
"2018-09-19" 87.68 87.940002 86.379997 87.160004 3218500 78.29879
"2018-09-20" 87.370003 87.639999 86.720001 87.379997 3242100 78.496429
"2018-09-21" 87.529999 88.660004 87.059998 87.309998 6707500 78.433548
"2018-09-24" 87.209999 88.529999 87.040001 87.239998 3475700 78.370636
"2018-09-25" 87.419998 87.989998 86.860001 87.309998 2949600 78.433548
"2018-09-26" 87.449997 88.370003 87.260002 87.889999 3880100 78.954575
"2018-09-27" 87.839996 88.239998 87.379997 87.510002 3075800 78.613228
"2018-09-28" 87.660004 88.290001 87.480003 88.209999 3924000 79.242035
"2018-10-01" 88.330002 88.790001 88.209999 88.470001 3154800 79.475624
"2018-10-02" 88.360001 89.389999 86.419998 86.620003 4258800 77.813698
"2018-10-03" 86.730003 86.75 85.650002 85.970001 4270700 77.229774
"2018-10-04" 85.839996 86.519997 84.419998 84.839996 5473200 76.214661
"2018-10-05" 84.849998 85.230003 83.809998 84.519997 5075200 75.927193
"2018-10-08" 84.389999 85.559998 84.169998 85.400002 3732000 76.717728
"2018-10-09" 85.489998 86.800003 85.489998 85.660004 3330900 76.951309
"2018-10-10" 85.669998 86.809998 85.07 85.199997 4952600 76.538055
"2018-10-11" 85.419998 86.129997 82.699997 82.800003 5091000 74.382072
"2018-10-12" 84.089996 85.760002 83.769997 84.610001 5128900 76.008064
"2018-10-15" 84.559998 85.309998 84.32 84.599998 3345500 75.999062
"2018-10-16" 85.139999 86.07 84.550003 85.809998 2691700 77.086044
"2018-10-17" 85.559998 85.949997 83.540001 84.419998 4191800 75.837379
"2018-10-18" 83.589996 84.580002 82 83.360001 4242600 74.885124
"2018-10-19" 83.730003 83.769997 81.919998 82.019997 5464400 73.681366
"2018-10-22" 82.5 83.779999 82.5 83.230003 3420200 74.768341
"2018-10-23" 81.279999 82.949997 81.07 82.669998 4517500 74.265259
"2018-10-24" 82.589996 84.300003 82.110001 82.269997 5098800 73.905922
"2018-10-25" 83.18 84.580002 82.650002 83.830002 5311600 75.30735
"2018-10-26" 83.720001 84.260002 81.809998 81.940002 6128800 73.609482
"2018-10-29" 82.779999 85.519997 82.510002 84.099998 5353000 75.549881
"2018-10-30" 84.800003 86.470001 84.550003 85.769997 5767600 77.05011
"2018-10-31" 86.470001 86.470001 83.519997 83.629997 6674200 75.127678
"2018-11-01" 83.510002 84.379997 82.980003 84.230003 4388600 75.666672
"2018-11-02" 84.760002 85.669998 83.459999 84.410004 3637600 75.828384
"2018-11-05" 84.559998 85.519997 84.110001 85.349998 3670700 76.672813
"2018-11-06" 85.440002 85.669998 84.93 85.589996 3837700 76.888405
"2018-11-07" 87.510002 87.660004 85.760002 86.760002 6778300 77.939484
"2018-11-08" 87 87.860001 86.790001 87.599998 4477900 78.694061
"2018-11-09" 87.440002 87.93 86.669998 86.940002 3490000 78.101181
"2018-11-12" 87.169998 87.290001 85.239998 85.470001 4720800 76.780617
"2018-11-13" 85.620003 85.980003 83.940002 84.32 4328400 75.747536
"2018-11-14" 84.519997 85.599998 82.610001 83.129997 5625500 74.678513
"2018-11-15" 82.849998 82.849998 80.07 80.760002 7119000 72.549454
"2018-11-16" 79.449997 80.160004 78.209999 79.68 8260900 71.579254
"2018-11-19" 79.93 80.400002 77.559998 77.790001 9144000 69.881424
"2018-11-20" 67.989998 71.5 66.120003 69.029999 20866400 62.526424
"2018-11-21" 70 70.25 68.080002 69.260002 11724700 62.734756
"2018-11-23" 69.190002 69.370003 67.209999 67.349998 5652600 61.004704
"2018-11-26" 68.07 69.339996 68.07 69.25 10028800 62.725674
"2018-11-27" 69.089996 71.989998 68.68 71.379997 13392500 64.655014
"2018-11-28" 71.389999 71.889999 69.82 71.879997 8457200 65.10791
"2018-11-29" 71.449997 71.540001 69.760002 71.169998 6718400 64.464806
"2018-11-30" 70.940002 71.669998 70.339996 70.959999 7100400 64.274597
"2018-12-03" 72.43 72.639999 70.809998 72.339996 7747600 65.524574
"2018-12-04" 72.059998 72.480003 68.5 69.309998 9762000 62.780045
"2018-12-06" 68.699997 69.599998 67.349998 69.540001 6304400 62.988377
"2018-12-07" 69.169998 69.870003 67.330002 67.809998 5471500 61.421368
"2018-12-10" 67.760002 68.529999 66.57 68.32 5750900 61.883312
"2018-12-11" 68.739998 68.809998 66.07 66.779999 5756500 60.488396
"2018-12-12" 67.849998 68.32 67.25 67.790001 5451300 61.403263
"2018-12-13" 67.419998 68.669998 65.959999 66.68 5866800 60.397827
"2018-12-14" 66.199997 67.919998 66.019997 67.169998 6471700 60.841663
"2018-12-17" 66.699997 66.709999 63.759998 64.32 8576400 58.260162
"2018-12-18" 64.720001 65.779999 64.57 65.309998 7074300 59.156891
"2018-12-19" 65.839996 65.949997 62.470001 62.830002 6705300 56.910542
"2018-12-20" 62.650002 63.330002 60.740002 61.700001 8216200 55.887012
"2018-12-21" 61.77 63.509998 60.810001 61.130001 8825100 55.370708
"2018-12-24" 60.709999 62.709999 60.150002 61.549999 3623400 55.751141
"2018-12-26" 62.400002 65.230003 61.990002 65.110001 6157300 58.97575
"2018-12-27" 64.370003 64.889999 62.16 64.709999 5706000 58.613426
"2018-12-28" 65.18 65.879997 64.43 64.959999 4193200 58.839874
"2018-12-31" 65.330002 66.18 65.220001 66.089996 4178500 59.863407
"2019-01-02" 65.059998 66.849998 64.760002 66.440002 4549300 60.180428
"2019-01-03" 66.129997 66.629997 65.410004 65.529999 4562200 59.356163
"2019-01-04" 66.239998 66.879997 65.449997 66.43 4825900 60.171375
"2019-01-07" 66.809998 69.879997 66.809998 69.68 7630600 63.115181
"2019-01-08" 70.18 70.480003 68.309998 69.610001 6756000 63.051781
"2019-01-09" 69.379997 70.980003 68.779999 70.290001 6025100 63.667709
"2019-01-10" 67.949997 68.330002 66.529999 68.290001 13913700 61.856136
"2019-01-11" 68.300003 70.040001 68.059998 69.610001 5025900 63.051781
"2019-01-14" 69.150002 69.849998 68.629997 68.839996 4568000 62.354309
"2019-01-15" 68.760002 68.760002 67.800003 68.209999 3770000 61.783669
"2019-01-16" 68.059998 68.629997 67.599998 67.849998 4888700 61.457592
"2019-01-17" 67.510002 69.660004 67.169998 69.370003 4133200 62.834396
"2019-01-18" 69.970001 70.879997 69.830002 70.68 4484100 64.020988
"2019-01-22" 70.379997 71.040001 69.660004 70.279999 5763900 63.658657
"2019-01-23" 70.839996 71.449997 69.330002 70.32 4446600 63.694885
"2019-01-24" 70.550003 70.900002 69.82 70.610001 4057000 63.95755
"2019-01-25" 71.050003 72.440002 70.940002 72.389999 5544200 65.569855
"2019-01-28" 72.019997 72.220001 71.209999 72.120003 3511100 65.325317
"2019-01-29" 72.120003 72.190002 71.300003 71.699997 3320600 64.94487
"2019-01-30" 72.300003 72.650002 71.309998 72.330002 3789300 65.515518
"2019-01-31" 72.309998 73.07 72.07 73 6699400 66.122383
"2019-02-01" 73.099998 73.099998 70.459999 71.169998 5916200 64.464806
"2019-02-04" 71.209999 72.559998 70.809998 72.440002 3622300 65.615158
"2019-02-05" 72.709999 73.050003 72.25 72.769997 3526200 65.914055
"2019-02-06" 72.629997 72.739998 71.870003 72.510002 3399300 65.678566
"2019-02-07" 72.040001 72.540001 71.480003 71.860001 3711600 65.089798
"2019-02-08" 71.699997 72.18 70.739998 70.879997 4146200 64.202126
"2019-02-11" 70.779999 70.790001 69.07 70.150002 6661000 63.540909
"2019-02-12" 70.699997 71.18 70.260002 70.410004 4505500 63.776402
"2019-02-13" 70.610001 72.760002 69.970001 72.57 7186900 65.732918
"2019-02-14" 71.730003 72.989998 71.110001 72.18 4624800 65.379639
"2019-02-15" 72.559998 73.379997 72.220001 72.839996 3835800 65.97747
"2019-02-19" 72.93 73.709999 72.019997 73.300003 6868000 66.982674
"2019-02-20" 73.43 73.629997 72.489998 72.709999 5005600 66.443512
"2019-02-21" 72.760002 72.970001 71.68 72.029999 3985000 65.822113
"2019-02-22" 72.209999 72.639999 71.800003 72.25 3144800 66.023155
"2019-02-25" 72.830002 73.589996 72.610001 73.099998 7782000 66.799904
"2019-02-26" 72.919998 73.220001 71.709999 72.290001 5370900 66.059715
"2019-02-27" 72.309998 73.480003 72.300003 73.019997 5164400 66.726807
"2019-02-28" 73.120003 73.120003 72.269997 72.639999 5375600 66.379555
"2019-03-01" 73.589996 74.459999 71.959999 72.940002 6833800 66.653687
"2019-03-04" 73.449997 73.970001 72.449997 72.669998 7383800 66.406967
"2019-03-05" 76.489998 76.559998 74.120003 76 17015100 69.449974
"2019-03-06" 76.82 77.440002 76.129997 76.900002 7874200 70.272385
"2019-03-07" 76.330002 76.989998 75.519997 76.169998 5617900 69.605316
"2019-03-08" 75.879997 75.949997 74.790001 75.809998 4581900 69.276352
"2019-03-11" 75.82 76.300003 75.440002 76.269997 3435900 69.696701
"2019-03-12" 76.440002 76.5 75.769997 76.18 3646200 69.614456
"2019-03-13" 76.260002 77.370003 76.18 77.120003 3796600 70.473442
"2019-03-14" 76.660004 76.800003 76.050003 76.489998 3779500 69.897736
"2019-03-15" 76.730003 76.879997 76.07 76.660004 5274100 70.053101
"2019-03-18" 76.919998 78.010002 76.919998 77.879997 3923500 71.167953
"2019-03-19" 78.330002 78.769997 78.010002 78.459999 4192300 71.697945
"2019-03-20" 78.43 78.449997 77.400002 77.540001 4325300 70.857239
"2019-03-21" 78.199997 79.93 78.199997 79.489998 5322000 72.639175
"2019-03-22" 79.150002 79.589996 78.25 78.32 3174500 71.57003
"2019-03-25" 78.309998 79.279999 78.050003 78.529999 2911400 71.761917
"2019-03-26" 79.160004 80.029999 79.050003 79.629997 3493600 72.767113
"2019-03-27" 79.68 80.639999 79.550003 79.82 3609400 72.940742
"2019-03-28" 80.089996 81.559998 79.870003 80.32 5394100 73.397667
"2019-03-29" 80.739998 80.769997 79.849998 80.260002 3886600 73.342819
"2019-04-01" 80.610001 80.610001 79.300003 79.970001 4733900 73.077805
"2019-04-02" 79.599998 80.260002 79.360001 79.459999 2909200 72.611748
"2019-04-03" 79.739998 79.860001 79.190002 79.309998 3251700 72.474693
"2019-04-04" 79.18 81.559998 79.160004 81.379997 4396200 74.366295
"2019-04-05" 81.059998 81.580002 80.599998 80.940002 4234600 73.964226
"2019-04-08" 80.910004 82.230003 80.860001 81.93 4609000 74.868896
"2019-04-09" 81.18 81.379997 80.370003 80.660004 4863800 73.708351
"2019-04-10" 80.93 81.410004 80.239998 80.75 2265400 73.790581
"2019-04-11" 80.699997 81.080002 80.139999 80.449997 2627800 73.516464
"2019-04-12" 81 81.5 80.440002 80.730003 3517200 73.772316
"2019-04-15" 80.839996 82.129997 80.690002 81.980003 3306200 74.914581
"2019-04-16" 82.389999 82.459999 81.650002 81.970001 2663600 74.905449
"2019-04-17" 82.400002 83.400002 82.300003 82.68 3045000 75.55426
"2019-04-18" 82.760002 83.480003 82.440002 83.260002 3162700 76.084282
"2019-04-22" 83.160004 83.650002 81.93 82.019997 3331200 74.951141
"2019-04-23" 81.639999 82.260002 80.290001 82.160004 6238500 75.079086
"2019-04-24" 81.669998 83.339996 81.669998 82.879997 2660000 75.737007
"2019-04-25" 82.790001 82.790001 81.650002 81.739998 3797000 74.695274
"2019-04-26" 77.120003 78.360001 74.730003 77.120003 12352800 70.473442
"2019-04-29" 78.419998 78.480003 76.970001 77.800003 9097000 71.094833
"2019-04-30" 78.059998 78.139999 77.010002 77.419998 5339800 70.747589
"2019-05-01" 77.800003 78.040001 75.620003 75.669998 5463200 69.148407
"2019-05-02" 76.080002 77 75.739998 76.419998 4456300 69.833748
"2019-05-03" 75.970001 77 75.32 75.940002 5774300 69.395134
"2019-05-06" 75 76.150002 74.75 75.980003 4008600 69.431679
"2019-05-07" 75.449997 75.82 74.470001 75.040001 4437200 68.572723
"2019-05-08" 75.120003 75.779999 74.300003 75.410004 3997700 68.910812
"2019-05-09" 74.949997 75.559998 74.230003 75.110001 4549300 68.636681
"2019-05-10" 74.660004 75.089996 73.330002 74.639999 5200300 68.207191
"2019-05-13" 73.290001 73.529999 71.370003 71.68 6055200 65.502274
"2019-05-14" 70.970001 71.769997 70.029999 71.260002 8063100 65.705147
"2019-05-15" 70.940002 71.220001 70.260002 70.809998 5578900 65.290215
"2019-05-16" 71.489998 71.940002 70.610001 70.779999 4476200 65.26255
"2019-05-17" 70.139999 71.589996 70.089996 70.889999 3891200 65.363976
"2019-05-20" 71.419998 72.32 71.099998 72.080002 5750100 66.46122
"2019-05-21" 71.260002 72.949997 70.709999 71.959999 7705900 66.350571
"2019-05-22" 77.010002 79.190002 76.800003 77.559998 20777800 71.51403
"2019-05-23" 77.809998 79.589996 76.82 79.400002 11619600 73.210602
"2019-05-24" 79.599998 81.660004 79.580002 81.57 7851700 75.211441
"2019-05-28" 81.779999 82.25 80.690002 80.769997 6522700 74.473801
"2019-05-29" 80.029999 80.190002 79.129997 79.639999 5772200 73.4319
"2019-05-30" 80.010002 80.790001 79.900002 80.389999 3996900 74.123444
"2019-05-31" 79.790001 80.589996 79.410004 80.449997 4137000 74.178764
"2019-06-03" 80.599998 83.760002 80.559998 82.949997 7071800 76.483864
"2019-06-04" 83.349998 85.959999 83.25 85.849998 7952700 79.157822
"2019-06-05" 86.379997 87.410004 85.129997 85.489998 6744500 78.82589
"2019-06-06" 85.480003 86.040001 84.699997 85.699997 4558400 79.019493
"2019-06-07" 86.260002 87.43 86.050003 86.849998 5214100 80.079857
"2019-06-10" 87.339996 87.980003 87.150002 87.550003 3019500 80.725304
"2019-06-11" 88 88.639999 87.629997 87.849998 4285000 81.0019
"2019-06-12" 87.910004 88.389999 87.589996 88.260002 3650900 81.379951
"2019-06-13" 88.459999 89.150002 87.970001 88.300003 3200300 81.41684
"2019-06-14" 88.330002 88.730003 87.269997 87.790001 4300800 80.946594
"2019-06-17" 87.459999 87.599998 86.279999 87.139999 4194500 80.347267
"2019-06-18" 87.510002 87.610001 86.279999 86.470001 4389100 79.729492
"2019-06-19" 86.540001 86.75 85.629997 86.160004 4088200 79.443649
"2019-06-20" 86.660004 86.690002 85.480003 86.209999 3814800 79.489754
"2019-06-21" 86.360001 88.599998 86.059998 87.599998 7847600 80.7714
"2019-06-24" 87.459999 87.989998 86.449997 86.720001 3059000 79.959999
"2019-06-25" 87.139999 87.25 85.559998 85.699997 5061300 79.019493
"2019-06-26" 86.059998 86.599998 85.529999 85.589996 2978100 78.918076
"2019-06-27" 85.610001 86.190002 85.290001 85.870003 2941600 79.176247
"2019-06-28" 85.800003 87.129997 85.75 86.610001 5284100 79.858574
"2019-07-01" 87.550003 88.839996 86.010002 86.940002 4780700 80.162849
"2019-07-02" 86.910004 87.050003 86.239998 87.040001 2323600 80.255051
"2019-07-03" 87.5 87.980003 87.419998 87.900002 1532900 81.048019
"2019-07-05" 87.75 88.779999 87.440002 88.639999 2032000 81.730339
"2019-07-08" 88.550003 89.410004 87.949997 88.910004 4734400 81.979294
"2019-07-09" 88.470001 89.400002 87.800003 87.800003 3986900 80.955803
"2019-07-10" 87.849998 88 85.68 85.849998 5638400 79.157822
"2019-07-11" 86.400002 87.220001 86.059998 86.470001 5307700 79.729492
"2019-07-12" 87.050003 88.879997 86.730003 87.529999 4732000 80.706863
"2019-07-15" 87.550003 88.209999 86.449997 86.800003 3174200 80.03376
"2019-07-16" 87.419998 88.82 87.099998 88.309998 5276900 81.426056
"2019-07-17" 88.050003 88.120003 87.209999 87.860001 3671100 81.011139
"2019-07-18" 87.510002 88.519997 87.029999 88.5 3847300 81.60125
"2019-07-19" 88.839996 89.139999 88 88.010002 3420400 81.149445
"2019-07-22" 88.25 88.639999 86.879997 87.220001 2850200 80.421021
"2019-07-23" 87.75 88.559998 86.690002 88.540001 4304000 81.638123
"2019-07-24" 88.019997 89.510002 87.720001 89.089996 3204700 82.145248
"2019-07-25" 88.82 89.029999 87.419998 87.970001 3603500 81.112556
"2019-07-26" 87.839996 87.839996 86.370003 87.059998 5315900 80.273491
"2019-07-29" 87.160004 87.459999 86.660004 87.230003 3328800 80.430252
"2019-07-30" 87.269997 87.290001 86.220001 86.879997 2733400 80.107513
"2019-07-31" 86.830002 87.510002 85.830002 86.400002 4470600 79.664948
"2019-08-01" 86.190002 87.040001 81.029999 82.620003 7100500 76.179604
"2019-08-02" 82.529999 82.730003 81.449997 81.519997 5134500 75.165352
"2019-08-05" 81.300003 81.57 80.029999 80.790001 7255600 74.492256
"2019-08-06" 81.160004 83.209999 80.769997 82.769997 5546300 76.317909
"2019-08-07" 81.940002 83.25 81.129997 83.010002 4762100 76.5392
"2019-08-08" 83.730003 84.620003 82.980003 83.800003 4464100 77.267624
"2019-08-09" 83.5 84.370003 82.050003 82.410004 4966300 75.98597
"2019-08-12" 81.32 82.160004 81.050003 82.029999 5194200 75.635582
"2019-08-13" 81.599998 86.639999 81.209999 84.239998 8412100 77.673309
"2019-08-14" 81.860001 83.220001 81.150002 81.889999 7011500 75.5065
"2019-08-15" 83.360001 84.050003 82.010002 82.559998 5389000 76.124275
"2019-08-16" 83.300003 84.459999 83.169998 84.209999 4861100 77.645668
"2019-08-19" 86.5 86.879997 85.709999 86.580002 7353800 79.83091
"2019-08-20" 86.230003 87.120003 85.529999 85.529999 8797200 79.468552
"2019-08-21" 99.870003 103.379997 98.129997 103 41449400 95.700478
"2019-08-22" 105.389999 106.519997 103.379997 106.32 17105700 98.785187
"2019-08-23" 104.769997 105.940002 103.25 103.489998 8989600 96.155731
"2019-08-26" 104.910004 105.739998 103.769997 104.769997 5583100 97.345032
"2019-08-27" 105.010002 105.099998 104.260002 104.699997 5319900 97.279984
"2019-08-28" 104.669998 106.720001 104.5 106.400002 6641000 98.859505
"2019-08-29" 107.989998 108.550003 106.93 107.93 5196600 100.281067
"2019-08-30" 108.5 109.330002 106.830002 107.040001 5309000 99.454163
"2019-09-03" 106.769997 107.480003 106.010002 106.709999 3992100 99.147514
"2019-09-04" 107 107.919998 106.809998 107.360001 3963700 99.751472
"2019-09-05" 109.239998 109.400002 108.220001 108.540001 4144400 100.847855
"2019-09-06" 108.949997 110.940002 108.800003 109.849998 5274400 102.06501
"2019-09-09" 109.599998 110.269997 107.519997 107.949997 5005500 100.299652
"2019-09-10" 107.410004 108.830002 106.839996 108.830002 3949200 101.117302
"2019-09-11" 108.699997 109.510002 107.889999 108.970001 3704700 101.24736
"2019-09-12" 109.43 109.720001 108.550003 108.940002 3185700 101.219498
"2019-09-13" 109.07 109.169998 107.830002 107.989998 2508300 100.33683
"2019-09-16" 107.25 107.940002 106.300003 106.959999 4642500 99.379814
"2019-09-17" 106.629997 107.459999 106.18 107.279999 4325800 99.677147
"2019-09-18" 107.120003 107.690002 106.010002 106.970001 2950900 99.389122
"2019-09-19" 108.550003 108.739998 106.879997 107.870003 2938700 100.225327
"2019-09-20" 108.309998 108.550003 106.599998 106.669998 4199800 99.110374
"2019-09-23" 107.419998 110.410004 107.209999 108.779999 4945300 101.070839
"2019-09-24" 110.199997 110.199997 107.080002 107.449997 5397700 99.835098
"2019-09-25" 107.07 108.129997 106.620003 106.800003 3934100 99.231155
"2019-09-26" 106.900002 107.400002 104.68 106.290001 5166600 98.757317
"2019-09-27" 105.949997 106.809998 105.529999 106.120003 3188600 98.599365
"2019-09-30" 106.669998 107.389999 106.419998 106.910004 3639000 99.333366
"2019-10-01" 107.330002 108.139999 105.860001 105.940002 3557400 98.432121
"2019-10-02" 104.900002 105.959999 104.010002 105.160004 5637600 97.707405
"2019-10-03" 105.230003 106.699997 104.389999 106.620003 3512600 99.063904
"2019-10-04" 106.769997 109.269997 106.540001 109.099998 4116400 101.368164
"2019-10-07" 108.660004 108.849998 107.139999 107.949997 3755600 100.299652
"2019-10-08" 107.93 110.029999 107.040001 108.519997 4339800 100.829277
"2019-10-09" 109.919998 111.25 109.529999 110.360001 5832000 102.538864
"2019-10-10" 109.559998 110.589996 109.089996 110.57 3647000 102.733978
"2019-10-11" 111.849998 112.940002 111.209999 111.830002 4563100 103.904694
"2019-10-14" 111.849998 112.230003 110.949997 111.150002 2356300 103.272873
"2019-10-15" 111.559998 112.300003 111.339996 111.889999 2706100 103.960434
"2019-10-16" 111.790001 112.209999 111.18 112.190002 2315700 104.239189
"2019-10-17" 112.410004 113.709999 112.339996 113.230003 4100800 105.205467
"2019-10-18" 112.860001 113.739998 112.400002 112.809998 3887700 104.815247
"2019-10-21" 113.32 113.809998 112.739998 113.68 2886500 105.623589
"2019-10-22" 113.949997 114.830002 113.059998 113.190002 3509100 105.168289
"2019-10-23" 113.190002 113.190002 110.720001 111.360001 5157800 103.467995
"2019-10-24" 111.830002 112 110.019997 110.25 3840100 102.436653
"2019-10-25" 109.919998 109.989998 108.529999 109.019997 5659700 101.293823
"2019-10-28" 109.169998 110.480003 109.019997 109.720001 4448200 101.944229
"2019-10-29" 109.260002 109.580002 107.93 108.150002 3004700 100.485481
"2019-10-30" 108.019997 108.769997 107.220001 107.93 3567800 100.281067
"2019-10-31" 107.650002 107.93 105.910004 106.910004 6467400 99.333366
"2019-11-01" 108.059998 108.370003 107.43 107.82 3104000 100.178864
"2019-11-04" 108.5 109.160004 108.209999 108.769997 3195600 101.061539
"2019-11-05" 108.970001 110.419998 108.830002 110.059998 3292400 102.260139
"2019-11-06" 109.889999 110.599998 109.339996 110.510002 3234400 102.678238
"2019-11-07" 111.620003 111.860001 110.339996 110.589996 3494300 102.752579
"2019-11-08" 110.559998 110.980003 109.419998 110.150002 2805400 102.343758
"2019-11-11" 110.629997 110.860001 109.760002 110.449997 3082700 102.622475
"2019-11-12" 110.220001 110.279999 107.910004 108.349998 5429600 100.671318
"2019-11-13" 108.629997 109.230003 107.019997 108.580002 3653900 100.88504
"2019-11-14" 110.709999 111.25 109.559998 111.110001 5968400 103.235718
"2019-11-15" 112.050003 113.68 111.330002 113.209999 5340300 105.186882
"2019-11-18" 113.830002 114.260002 111.860001 111.959999 6898000 104.025482
"2019-11-19" 110.410004 111.099998 109.349998 110.849998 7377500 103.604881
"2019-11-20" 122.32 127.199997 118.360001 126.43 32365500 118.16658
"2019-11-21" 126.580002 127.970001 125.709999 127.650002 10804300 119.306854
"2019-11-22" 127.949997 127.949997 126.279999 127.019997 7537100 118.718025
"2019-11-25" 127.260002 127.489998 125.080002 125.190002 8365300 117.007629
"2019-11-26" 125.260002 127.839996 125 126.889999 7581400 118.596527
"2019-11-27" 127.150002 127.150002 125.760002 125.900002 3430400 117.671227
"2019-11-29" 126 126.779999 124.949997 125.010002 2660000 116.839401
"2019-12-02" 125.699997 126.199997 123.910004 123.980003 4194400 115.876717
"2019-12-03" 122.599998 124.580002 122.330002 124.040001 4237200 115.932785
"2019-12-04" 125.010002 125.529999 124.300003 124.519997 3935200 116.381424
"2019-12-05" 125.059998 125.330002 123.650002 124.68 2614100 116.530952
"2019-12-06" 125.169998 126.400002 124.860001 125.029999 4305300 116.858078
"2019-12-09" 124.980003 127.18 124.900002 126.449997 3508700 118.185272
"2019-12-10" 126.089996 126.57 125.32 125.769997 3573800 117.549736
"2019-12-11" 125.400002 125.889999 124.730003 125.800003 2816200 117.577766
"2019-12-12" 125.660004 127.860001 125.129997 127.519997 3677400 119.185349
"2019-12-13" 126.720001 127.43 126.169998 127.220001 2970000 118.904953
"2019-12-16" 127.790001 128 125.959999 125.959999 4488100 117.727318
"2019-12-17" 126.470001 128.910004 126 128.380005 5617300 119.989151
"2019-12-18" 128.509995 129.080002 127.75 128.080002 3940200 119.708733
"2019-12-19" 127.720001 128.979996 127.370003 128.699997 3292700 120.288223
"2019-12-20" 129.449997 130.240005 128.5 129.149994 6224900 120.708801
"2019-12-23" 129.470001 129.539993 128.009995 128.339996 4051800 119.951744
"2019-12-24" 128.899994 128.899994 127.949997 128.550003 1643400 120.14801
"2019-12-26" 129.130005 129.399994 127.93 128.889999 2197900 120.465782
"2019-12-27" 129 129.229996 128.229996 129.210007 2233600 120.764893
"2019-12-30" 129 129.949997 128.410004 128.889999 2546500 120.465782
"2019-12-31" 128.399994 128.970001 127.370003 128.210007 4059800 119.830254
"2020-01-02" 128.740005 128.899994 125.260002 126.07 5149800 117.830101
"2020-01-03" 124.660004 125.529999 123.93 124.760002 5018500 116.605728
"2020-01-06" 123.970001 124.650002 123.220001 123.580002 4226900 115.502861
"2020-01-07" 123 124.43 123 123.800003 3641600 115.708481
"2020-01-08" 124.050003 125.25 123.339996 123.400002 5731600 115.334633
"2020-01-09" 123.5 124.910004 122.660004 123.5 5369700 115.428093
"2020-01-10" 124.709999 125.699997 124.050003 124.730003 4678000 116.577713
"2020-01-13" 124.589996 124.68 122.93 123.870003 3632800 115.773903
"2020-01-14" 123.599998 125.660004 123.440002 125.260002 3291900 117.073059
"2020-01-15" 117.489998 119.400002 115.559998 117 26743400 109.352913
"2020-01-16" 117.139999 117.32 115.830002 116.32 9361600 108.717369
"2020-01-17" 116.489998 117.790001 116.169998 116.919998 7303800 109.278152
"2020-01-21" 116.660004 116.660004 113.82 114.040001 8188000 106.586395
"2020-01-22" 114.139999 115.080002 113.769997 113.900002 5070600 106.455544
"2020-01-23" 113.529999 115.57 113.099998 115.529999 4641500 107.978989
"2020-01-24" 116 116 113.639999 114.32 4338900 106.848091
"2020-01-27" 112.949997 116.209999 112.57 115.779999 6779200 108.212662
"2020-01-28" 116.150002 116.459999 115.43 115.440002 3865100 107.894897
"2020-01-29" 115.779999 116.080002 114.25 114.269997 5250600 106.801338
"2020-01-30" 113.769997 114.709999 112.889999 114.669998 4466400 107.175217
"2020-01-31" 113.410004 113.790001 110.370003 110.739998 6961900 103.502083
"2020-02-03" 111.139999 113.410004 111 112.510002 5186000 105.156395
"2020-02-04" 113.639999 114.800003 113.199997 113.25 3626000 105.848022
"2020-02-05" 114.010002 115.900002 113.849998 115.529999 3636700 107.978989
"2020-02-06" 115.989998 116.379997 114.760002 115.139999 4024800 107.614494
"2020-02-07" 115.019997 115.650002 114.459999 115.610001 2970800 108.05378
"2020-02-10" 115.599998 117.239998 115.599998 116.980003 3862000 109.334213
"2020-02-11" 117.07 117.139999 115.120003 116.690002 3065100 109.063194
"2020-02-12" 116.660004 118.75 116.470001 118.110001 3764800 110.390381
"2020-02-13" 117.839996 118.5 117.419998 118.279999 2654900 110.549255
"2020-02-14" 118.300003 118.459999 116.300003 116.629997 3289100 109.007111
"2020-02-18" 116.949997 117.870003 116.349998 117.830002 3122500 110.755424
"2020-02-19" 117.690002 118.129997 117.050003 117.389999 2866700 110.341843
"2020-02-20" 116.970001 118.290001 116.57 118.260002 2659300 111.159622
"2020-02-21" 117.830002 118.879997 116.800003 117.010002 3856500 109.984673
"2020-02-24" 114.480003 115.989998 113.120003 113.779999 5304900 106.948593
"2020-02-25" 114.190002 115.150002 111.629997 111.720001 5095900 105.012276
"2020-02-26" 112.18 112.709999 110.290001 110.660004 4318300 104.01593
"2020-02-27" 108.379997 109.379997 105.540001 105.620003 6713400 99.278526
"2020-02-28" 102.209999 104.199997 100.739998 103 9174100 96.815834
"2020-03-02" 103.379997 109.440002 102.949997 109.059998 9691100 102.511978
"2020-03-03" 112 112.199997 103.959999 105.839996 10927400 99.485321
"2020-03-04" 107 108.07 104.669998 107.82 6834800 101.346428
"2020-03-05" 105.639999 108.440002 105.25 105.970001 5294900 99.607513
"2020-03-06" 104.160004 106.43 102.75 105.949997 5370800 99.588722
"2020-03-09" 99.760002 107.68 99.760002 104.029999 7346600 97.783989
"2020-03-10" 106.239998 109.589996 104.800003 108.330002 7461000 101.825821
"2020-03-11" 106.029999 107.980003 103.419998 105.580002 6102500 99.240944
"2020-03-12" 99.239998 101.529999 92.410004 92.620003 10208800 87.059036
"2020-03-13" 96.650002 105.139999 92.529999 101.019997 9267200 94.95472
"2020-03-16" 92.589996 99.940002 91.160004 93.790001 6963700 88.158798
"2020-03-17" 95.120003 106.489998 95.059998 103.629997 10586400 97.407997
"2020-03-18" 98.940002 108.349998 96.849998 102.82 8845700 96.646637
"2020-03-19" 102.720001 107.120003 99.809998 100.5 7414200 94.465942
"2020-03-20" 99.300003 102.480003 96.379997 97.400002 8057200 91.552055
"2020-03-23" 96.550003 99.199997 93.809998 96.690002 7104300 90.884697
"2020-03-24" 100.139999 101.650002 96 100.559998 6498600 94.522324
"2020-03-25" 99.120003 99.330002 90.519997 91.040001 12563200 85.573921
"2020-03-26" 91.389999 96.470001 91.209999 96.07 7014000 90.301903
"2020-03-27" 94.489998 97.830002 92.93 94.739998 4902800 89.051765
"2020-03-30" 96.18 97.769997 95.5 96.010002 4485600 90.245514
"2020-03-31" 95.279999 96.779999 92.160004 92.970001 6388400 87.388046
"2020-04-01" 91.639999 96.139999 91.290001 95.269997 8581000 89.549957
"2020-04-02" 94.269997 95.669998 92.120003 94.360001 5929200 88.694595
"2020-04-03" 93.529999 94.129997 90.169998 92.57 6815300 87.012054
"2020-04-06" 93.220001 97.82 92.129997 97.510002 7107800 91.655464
"2020-04-07" 98.75 101.660004 97.029999 98.260002 6599300 92.36042
"2020-04-08" 100.349998 105.690002 100 104.629997 7542900 98.347961
"2020-04-09" 102 104.830002 101.5 104.199997 7069200 97.943787
"2020-04-13" 104.199997 105.370003 102.910004 104.68 3235500 98.394958
"2020-04-14" 108.489998 109.910004 105.879997 108.379997 5032300 101.872818
"2020-04-15" 108.760002 109 105.25 106.239998 4225600 99.861305
"2020-04-16" 107 109.889999 106.650002 109.300003 5950300 102.737572
"2020-04-17" 110.900002 114.07 108.43 113.419998 7617500 106.610207
"2020-04-20" 112.5 112.5 108.720001 108.980003 5329600 102.436783
"2020-04-21" 108.260002 108.260002 105.910004 106.900002 4519700 100.481689
"2020-04-22" 108.190002 108.529999 106.419998 106.839996 2954600 100.42527
"2020-04-23" 100.699997 105.5 100.5 103.860001 16508000 97.624191
"2020-04-24" 104.5 108.449997 103.860001 107.82 6088600 101.346428
"2020-04-27" 108.68 111.199997 108.510002 109.879997 4340700 103.282776
"2020-04-28" 111.510002 113.879997 110.110001 112 4904700 105.275467
"2020-04-29" 113.5 114.040001 110.110001 112.099998 4929800 105.369461
"2020-04-30" 111.080002 111.199997 108.889999 109.739998 4769600 103.151161
"2020-05-01" 108.849998 109.480003 106.099998 108.230003 4590500 101.731827
"2020-05-04" 107.830002 112.029999 107.629997 111.709999 4578300 105.002884
"2020-05-05" 111.699997 113.379997 110.470001 111.760002 4201100 105.049889
"2020-05-06" 112.889999 115.620003 112.559998 113.580002 4913900 106.760605
"2020-05-07" 114.760002 115.290001 113.099998 113.360001 3689800 106.55381
"2020-05-08" 114.709999 116.830002 114.120003 115.830002 4266900 108.875511
"2020-05-11" 116.82 120.739998 115.93 120.18 5996300 112.96434
"2020-05-12" 121 122.949997 119.389999 119.389999 4897000 112.221771
"2020-05-13" 119.449997 120.629997 118.139999 119.139999 4677900 111.986771
"2020-05-14" 117.940002 120.830002 117.120003 119.940002 5635600 112.738747
"2020-05-15" 120.349998 122.650002 119.800003 120.940002 8354200 113.678719
"2020-05-18" 123.260002 125.550003 122.769997 125.199997 6320900 117.682945
"2020-05-19" 125.110001 125.970001 122.769997 123.169998 7914900 116.388367
"2020-05-20" 124.089996 124.910004 119.290001 119.629997 12897000 113.043274
"2020-05-21" 119.629997 120.370003 117.639999 118.68 7620700 112.145584
"2020-05-22" 118.830002 119.360001 117.18 117.489998 4902900 111.021103
"2020-05-26" 118.800003 119.959999 114.809998 115.120003 7274600 108.781586
"2020-05-27" 115.629997 117.449997 114.230003 117.410004 8260300 110.945511
"2020-05-28" 117.959999 120.239998 117.459999 118.43 6137300 111.909355
"2020-05-29" 118.739998 122.779999 118.160004 122.330002 8705900 115.594612
"2020-06-01" 120.449997 120.739998 118.82 119.489998 6020100 112.910988
"2020-06-02" 119.660004 120.779999 118.190002 118.849998 5144600 112.306229
"2020-06-03" 119.139999 122.300003 118.300003 121.730003 5815800 115.027649
"2020-06-04" 121.879997 122.739998 119.550003 119.959999 3963600 113.355103
"2020-06-05" 121.410004 122.510002 119.68 121.529999 4578800 114.838654
"2020-06-08" 120.809998 122.459999 120.580002 122.370003 3578400 115.632416
"2020-06-09" 122.540001 122.730003 120.290001 120.720001 2923500 114.073257
"2020-06-10" 120.75 122.18 119.779999 120 3653700 113.392906
"2020-06-11" 118.57 120.940002 117.779999 118.010002 5005100 111.512474
"2020-06-12" 119.580002 119.75 114.809998 116.900002 4953400 110.46357
"2020-06-15" 115.459999 118.690002 115.230003 118.150002 4593800 111.64476
"2020-06-16" 120.440002 121.330002 117.220001 119.209999 5138000 112.6464
"2020-06-17" 119.470001 119.470001 117.779999 118.269997 3808600 111.758141
"2020-06-18" 118.239998 118.260002 116.870003 117.300003 3261100 110.84156
"2020-06-19" 120.199997 122.93 119.230003 120.559998 12611200 113.922073
"2020-06-22" 120.5 123.110001 119.099998 122.43 4671200 115.689102
"2020-06-23" 123.029999 124.43 121.260002 121.5 4307000 114.810318
"2020-06-24" 121.169998 121.989998 118.629997 119.720001 4181600 113.128326
"2020-06-25" 119.389999 119.949997 118.290001 119.809998 2759500 113.213356
"2020-06-26" 120 120.650002 116.75 117.019997 6670800 110.576973
"2020-06-29" 117.489998 119.279999 116.769997 118.57 3258900 112.041634
"2020-06-30" 118.879997 120.440002 118.269997 119.93 3633900 113.326752
"2020-07-01" 119.910004 120.360001 118.830002 118.959999 2836400 112.410156
"2020-07-02" 119.980003 120.589996 118.889999 119.120003 2216100 112.561356
"2020-07-06" 120.010002 120.25 117.980003 119.239998 3766400 112.674744
"2020-07-07" 118.300003 119.550003 117.809998 118.059998 3908300 111.559708
"2020-07-08" 118.150002 118.5 116.730003 117.699997 2845100 111.219543
"2020-07-09" 117.459999 119.309998 117.129997 117.900002 2861000 111.408516
"2020-07-10" 117.82 118.980003 117.059998 118.860001 2033500 112.315659
"2020-07-13" 119.379997 121.760002 118.379997 118.730003 3469700 112.192833
"2020-07-14" 118.739998 120.169998 117.419998 120.080002 2578200 113.468506
"2020-07-15" 121.309998 122.720001 120.010002 121.669998 3533900 114.97094
"2020-07-16" 121.260002 122.989998 121.139999 121.949997 3109900 115.235535
"2020-07-17" 122.639999 123.209999 121.449997 121.669998 2715500 114.97094
"2020-07-20" 121.540001 121.870003 119.040001 119.82 3825900 113.222816
"2020-07-21" 120.349998 120.989998 120.019997 120.199997 3195400 113.581886
"2020-07-22" 120.300003 123.18 120 123.139999 3876600 116.360031
"2020-07-23" 123.449997 123.599998 121.940002 122.349998 3267500 115.61351
"2020-07-24" 122.540001 125.529999 122.059998 123.709999 3832900 116.898643
"2020-07-27" 124.25 124.489998 122.160004 122.690002 2423400 115.934792
"2020-07-28" 122.610001 124.459999 122.120003 123.290001 2337000 116.501762
"2020-07-29" 123.470001 124.480003 122.900002 123.68 2095800 116.870285
"2020-07-30" 122.330002 125.419998 121.82 124.580002 3606300 117.720726
"2020-07-31" 124.279999 125.93 123.790001 125.879997 3267100 118.949158
"2020-08-03" 126.5 128.240005 126.25 127.839996 3319200 120.801231
"2020-08-04" 127.93 130.770004 127.580002 130.449997 3924500 123.267525
"2020-08-05" 130.75 131.929993 128.660004 129.369995 3688800 122.247009
"2020-08-06" 129.5 129.929993 128.130005 129.009995 1979900 121.906822
"2020-08-07" 129.240005 131.880005 129 131.75 2303100 124.495956
"2020-08-10" 132.070007 134.110001 131.25 132.940002 3002900 125.62043
"2020-08-11" 133.710007 134.589996 131.350006 131.720001 3915900 124.467598
"2020-08-12" 135.110001 135.110001 132.770004 134.600006 4860900 127.189041
"2020-08-13" 133.990005 134.940002 133.610001 134.809998 2324800 127.387466
"2020-08-14" 135.919998 137 135.220001 136.529999 3180900 129.012787
"2020-08-17" 137.979996 138.690002 137.399994 138.240005 4632300 130.628632
"2020-08-18" 137.009995 137.970001 134.669998 136.899994 5756800 130.001892
"2020-08-19" 148.5 154.690002 146.539993 154.220001 40211800 146.449158
"2020-08-20" 154.929993 156.100006 151.720001 152.240005 12046000 144.568924
"2020-08-21" 152.330002 155.610001 152.130005 153.630005 7061400 145.888901
"2020-08-24" 154.5 154.619995 152.630005 153.240005 4355300 145.518555
"2020-08-25" 154.149994 154.279999 152.360001 152.850006 2984400 145.148193
"2020-08-26" 152.75 153.570007 152.089996 152.710007 3061600 145.015228
"2020-08-27" 152.660004 152.75 149.669998 150.309998 3773100 142.73616
"2020-08-28" 150.309998 151.669998 149.600006 150.850006 2835600 143.248962
"2020-08-31" 151.139999 151.910004 150.320007 151.210007 3025600 143.590851
"2020-09-01" 150.610001 151.770004 150.119995 150.550003 3603500 142.964096
"2020-09-02" 150.5 150.869995 148.419998 149.839996 4128200 142.289871
"2020-09-03" 149.470001 149.979996 145.410004 146.029999 4135300 138.671844
"2020-09-04" 146.690002 148.550003 143.690002 147.229996 4742100 139.811386
"2020-09-08" 146.679993 146.789993 143.380005 144 3503200 136.744156
"2020-09-09" 144.759995 148.600006 144.759995 147.550003 3279300 140.11525
"2020-09-10" 147.600006 148.339996 145.309998 146.039993 2828100 138.681351
"2020-09-11" 146.860001 147.960007 146.179993 147.649994 2356400 140.21019
"2020-09-14" 148.550003 150.389999 147.839996 148.440002 2706900 140.960403
"2020-09-15" 148.110001 149.839996 147.360001 149.070007 2206200 141.55867
"2020-09-16" 149.339996 149.729996 147.910004 147.990005 2072500 140.533066
"2020-09-17" 147.389999 148.770004 146.550003 147.610001 2391200 140.172211
"2020-09-18" 147.720001 149.520004 147.259995 148.820007 3614800 141.321243
"2020-09-21" 148.690002 149.990005 146.449997 149.860001 3360000 142.308823
"2020-09-22" 151.149994 154.440002 150.929993 154.080002 4334500 146.316223
"2020-09-23" 153.880005 155.199997 150.369995 151.009995 2801300 143.400925
"2020-09-24" 151.619995 153.559998 150.100006 152 3223100 144.341019
"2020-09-25" 151.860001 155.160004 151.75 154.350006 2743300 146.572617
"2020-09-28" 154.949997 157.710007 154.649994 156.460007 3627600 148.576294
"2020-09-29" 156.75 158.429993 155.869995 156.940002 2784200 149.032104
"2020-09-30" 157.449997 159.149994 156.5 157.419998 2806000 149.487915
"2020-10-01" 158.410004 160.889999 158.100006 158.600006 3866000 150.608459
"2020-10-02" 156.970001 159.990005 156.160004 159.100006 1978700 151.083267
"2020-10-05" 159.990005 162.309998 159.990005 161.490005 2268600 153.352814
"2020-10-06" 161.470001 161.979996 157.610001 158.410004 2932600 150.42804
"2020-10-07" 160.059998 161.610001 159.610001 160.679993 2927000 152.583679
"2020-10-08" 162.600006 163.320007 161.389999 161.860001 2189200 153.704193
"2020-10-09" 162.199997 164.809998 162.100006 163.710007 2582700 155.461029
"2020-10-12" 164.300003 165.490005 163.619995 164.570007 2436300 156.277664
"2020-10-13" 164.570007 166.679993 164.149994 165.639999 2015200 157.293732
"2020-10-14" 165.979996 166.160004 162.600006 163.970001 2284700 155.707901
"2020-10-15" 161.839996 165.460007 161.119995 165.460007 1859000 157.122803
"2020-10-16" 165.910004 167.25 164.360001 164.919998 5047900 156.610031
"2020-10-19" 166.210007 166.960007 163.820007 164.050003 2322500 155.783844
"2020-10-20" 164.949997 167.419998 163.820007 164.869995 2698500 156.562531
"2020-10-21" 165.75 166.199997 162.949997 163.289993 3033500 155.062134
"2020-10-22" 163.070007 163.380005 159.339996 159.600006 3647400 151.55809
"2020-10-23" 160.389999 160.389999 158.809998 160.229996 1816800 152.156311
"2020-10-26" 158.839996 159.389999 156.300003 157.970001 2310600 150.010208
"2020-10-27" 158.070007 158.880005 156.679993 157.029999 2406100 149.117554
"2020-10-28" 154.910004 157.270004 154.110001 155.210007 2655700 147.389282
"2020-10-29" 155.240005 156.089996 153.369995 154.25 2157700 146.477661
"2020-10-30" 153.320007 154.139999 150.800003 152.220001 3694100 144.549942
"2020-11-02" 154 155.119995 152.800003 154.389999 2674300 146.610565
"2020-11-03" 156.320007 158.710007 155.429993 156.729996 2545400 148.832672
"2020-11-04" 157.220001 159.490005 155.25 156.619995 3156600 148.728241
"2020-11-05" 159.740005 159.869995 156.539993 158.630005 3114900 150.636932
"2020-11-06" 158.649994 161.899994 158.529999 161.5 3498000 153.36232
"2020-11-09" 163.149994 163.160004 154.75 154.910004 5092800 147.104401
"2020-11-10" 157.039993 159.059998 156.559998 158.070007 3577900 150.105148
"2020-11-11" 159.449997 162.570007 158.75 159.690002 3336500 151.643539
"2020-11-12" 159.669998 160.990005 158.639999 159.529999 2708500 151.491608
"2020-11-13" 160.990005 163.449997 160.600006 162.880005 2765800 154.672806
"2020-11-16" 165 165.990005 163.350006 165.179993 5035600 156.856903
"2020-11-17" 164 164.710007 160.509995 163.039993 6299900 155.464737
"2020-11-18" 165.940002 172.119995 164.550003 166.850006 13092300 159.097717
"2020-11-19" 168.710007 173.440002 167.899994 171.369995 6834900 163.4077
"2020-11-20" 172.220001 174.410004 171.449997 172.309998 6652900 164.304047
"2020-11-23" 174.25 179.020004 173.589996 177.559998 5755700 169.31012
"2020-11-24" 179.759995 179.839996 177.100006 177.860001 4688400 169.596146
"2020-11-25" 177.729996 180.479996 177.350006 179.820007 3780700 171.465118
"2020-11-27" 180.809998 181.110001 178.949997 179.770004 2371900 171.417419
"2020-11-30" 178.25 180.070007 176.240005 179.529999 8010000 171.188583
"2020-12-01" 179.809998 181.169998 177.100006 179.050003 5034900 170.730896
"2020-12-02" 178.020004 178.210007 175.470001 176.410004 3109300 168.213562
"2020-12-03" 176.470001 176.470001 173.779999 174.919998 4214600 166.792755
"2020-12-04" 174.380005 175.160004 173.229996 175.029999 2935700 166.897659
"2020-12-07" 174.270004 174.949997 171.410004 172.910004 3430800 164.876144
"2020-12-08" 172.5 173.779999 171.740005 172.720001 2682200 164.694977
"2020-12-09" 173.350006 174.919998 172.410004 174.070007 2853800 165.982254
"2020-12-10" 173.589996 174.240005 172.070007 172.399994 2643700 164.389847
"2020-12-11" 171.5 172.75 171.070007 171.710007 2676500 163.731903
"2020-12-14" 172.960007 172.960007 170.169998 170.990005 4016400 163.045364
"2020-12-15" 170.649994 172.779999 170.649994 171.410004 3487900 163.445847
"2020-12-16" 172.009995 172.990005 170.710007 171.690002 2193700 163.712845
"2020-12-17" 172 172.279999 170.289993 171.240005 3495300 163.283737
"2020-12-18" 171.179993 172.179993 168.970001 170.419998 6715800 162.501862
"2020-12-21" 169.630005 173.059998 168.940002 171.759995 4077400 163.779556
"2020-12-22" 172.399994 173.110001 171.460007 172.350006 3103200 164.342194
"2020-12-23" 172.009995 176.330002 171.889999 174.910004 4753000 166.783234
"2020-12-24" 175.979996 176.509995 174.669998 175.190002 1941200 167.050247
"2020-12-28" 177.110001 177.460007 174.889999 176.389999 2442000 168.194489
"2020-12-29" 177.110001 177.770004 174.460007 175.039993 2359700 166.907196
"2020-12-30" 175.699997 176.059998 172.820007 173.880005 1935200 165.801102
"2020-12-31" 174.410004 176.669998 174.100006 176.529999 2571300 168.327957
"2021-01-04" 176.509995 178.089996 174.119995 177.630005 3463100 169.376862
"2021-01-05" 176.800003 181.970001 176.429993 180.369995 4843300 171.989532
"2021-01-06" 180.330002 189.470001 180.110001 188.919998 5610100 180.142288
"2021-01-07" 189.210007 192.350006 189.169998 191.100006 4226700 182.221024
"2021-01-08" 191.580002 193.880005 190.809998 193.600006 3321500 184.604843
"2021-01-11" 193.039993 199.5 192.190002 195.279999 7219100 186.206772
"2021-01-12" 196.169998 199.289993 195.649994 199.100006 3866700 189.849319
"2021-01-13" 198.520004 199.960007 195.279999 196.820007 4098200 187.675262
"2021-01-14" 196.990005 199.399994 196.899994 198.009995 3321200 188.809937
"2021-01-15" 197.649994 198.850006 194.009995 194.800003 4289900 185.749084
"2021-01-19" 194.419998 194.75 187.199997 188.160004 5347800 179.417633
"2021-01-20" 188.5 188.699997 184.539993 188.300003 3443200 179.551117
"2021-01-21" 190.100006 194.089996 189 191.270004 4585100 182.383118
"2021-01-22" 190.899994 192.380005 189.479996 191.910004 3257100 182.993378
"2021-01-25" 191.559998 193.110001 189.229996 190.149994 3423900 181.315125
"2021-01-26" 190.110001 190.559998 186.669998 187.699997 3463600 178.979004
"2021-01-27" 187.610001 187.699997 176.820007 178.279999 6985900 169.996658
"2021-01-28" 177.929993 185.419998 177.759995 183.580002 3965200 175.050415
"2021-01-29" 182.119995 183.5 180.259995 181.169998 3612300 172.75238
"2021-02-01" 182.179993 185 179.679993 183.570007 2637300 175.040863
"2021-02-02" 185.5 189.039993 185.179993 185.589996 2920500 176.966995
"2021-02-03" 185.190002 186.929993 183.699997 185.110001 2135400 176.509323
"2021-02-04" 185.869995 188.740005 184.550003 188.589996 2309500 179.827621
"2021-02-05" 189.490005 190.330002 187.889999 188.860001 2218900 180.085098
"2021-02-08" 192.339996 194.479996 190.490005 193.949997 3076400 184.938583
"2021-02-09" 194.130005 196.25 193.889999 194.289993 2868600 185.262787
"2021-02-10" 193.889999 194.449997 190.119995 192.440002 2713500 183.498734
"2021-02-11" 192.039993 193.169998 190.339996 190.410004 1862300 181.56308
"2021-02-12" 191.050003 191.869995 190.199997 191.429993 1821500 182.535675
"2021-02-16" 191.139999 192.580002 190.149994 190.589996 2500300 182.382553
"2021-02-17" 189.199997 194.220001 189.100006 193.600006 3459300 185.262939
"2021-02-18" 188.270004 191.559998 188 191.410004 2983500 183.167252
"2021-02-19" 191.949997 192.449997 188.360001 188.820007 3120100 180.688797
"2021-02-22" 188.119995 190.410004 187.619995 188.990005 2152600 180.851456
"2021-02-23" 188.089996 188.729996 184.110001 186.360001 2828100 178.334732
"2021-02-24" 186.020004 187.729996 184.300003 187.080002 3738400 179.023697
"2021-02-25" 188.520004 190.300003 184.580002 185.080002 4355600 177.109848
"2021-02-26" 186.149994 186.830002 182.179993 183.440002 4340400 175.540482
"2021-03-01" 185.949997 187.580002 184.850006 186.089996 3683500 178.076355
"2021-03-02" 188.009995 193.580002 172.169998 173.490005 22090500 166.018967
"2021-03-03" 175 176.869995 172.589996 173.610001 8285300 166.133789
"2021-03-04" 172.369995 174.610001 166.830002 169.820007 7111700 162.506989
"2021-03-05" 170.279999 174.979996 167.050003 172.610001 6008100 165.176849
"2021-03-08" 175.270004 178.470001 173.600006 176.869995 4558600 169.253387
"2021-03-09" 178.320007 180.740005 177.199997 179.179993 3752400 171.463898
"2021-03-10" 179.970001 181.630005 178.089996 178.580002 3314800 170.889755
"2021-03-11" 179.149994 180.089996 177.399994 179.320007 3045200 171.597885
"2021-03-12" 179.899994 180.350006 178.559998 180.009995 2441900 172.258148
"2021-03-15" 180.440002 181.789993 178.570007 181.100006 3453100 173.301224
"2021-03-16" 179.960007 180.690002 178.119995 180.210007 3437300 172.449539
"2021-03-17" 179.509995 179.660004 177.869995 178.399994 2929300 170.717499
"2021-03-18" 177.240005 181.149994 176.679993 179.610001 2859300 171.875397
"2021-03-19" 179.889999 188.300003 179.630005 187.550003 7745200 179.473495
"2021-03-22" 187.100006 190.380005 186.740005 188.039993 3952200 179.942368
"2021-03-23" 187.770004 190.789993 187.429993 188.919998 2920200 180.78447
"2021-03-24" 188.910004 189.460007 187.380005 188.279999 2489700 180.171997
"2021-03-25" 188.089996 193.369995 187.669998 192.699997 3444700 184.401703
"2021-03-26" 194.300003 201.229996 194.029999 200.949997 6046100 192.296402
"2021-03-29" 200.089996 201.960007 197.509995 198.210007 3231800 189.674423
"2021-03-30" 198.080002 201.360001 197.610001 199.649994 2810800 191.052414
"2021-03-31" 200.039993 201.330002 198.029999 198.070007 3556600 189.540466
"2021-04-01" 198.139999 201.470001 196.360001 200.720001 2730200 192.07634
"2021-04-05" 202 205.800003 202 205.350006 2833000 196.506973
"2021-04-06" 204.399994 207.380005 202.949997 205.429993 2494900 196.583466
"2021-04-07" 205.75 206 204.080002 204.449997 2100400 195.645691
"2021-04-08" 204.350006 204.809998 202.419998 203.460007 3032600 194.698349
"2021-04-09" 204 205.669998 203.539993 205.360001 2900500 196.516525
"2021-04-12" 205.279999 206.350006 203.479996 205.100006 3191300 196.267715
"2021-04-13" 205.559998 206 203.509995 204.940002 2393400 196.114609
"2021-04-14" 204.279999 206 203.029999 205.710007 2171300 196.85144
"2021-04-15" 206.020004 206.210007 203.529999 205.759995 3370300 196.899261
"2021-04-16" 206 209.490005 205.830002 208.550003 4342300 199.569153
"2021-04-19" 209.490005 210.860001 208.25 208.649994 2924500 199.664841
"2021-04-20" 208.910004 209.490005 206.429993 207.270004 2089800 198.344284
"2021-04-21" 207.240005 208.410004 206.300003 206.770004 2836900 197.865799
"2021-04-22" 207.279999 207.649994 203.639999 205.570007 2499300 196.717468
"2021-04-23" 205.940002 206.800003 203.919998 206.009995 2444600 197.138519
"2021-04-26" 205.860001 206.020004 202.850006 203.630005 2675700 194.861023
"2021-04-27" 204.220001 205.330002 203.309998 204.360001 2260000 195.55957
"2021-04-28" 203.929993 205.25 203.440002 204.460007 1598800 195.655273
"2021-04-29" 206.119995 208.410004 205.770004 207.380005 1884900 198.449524
"2021-04-30" 206.210007 208.149994 205.979996 207.259995 1802000 198.334702
"2021-05-03" 209.179993 212.820007 208.820007 211.279999 2249700 202.181564
"2021-05-04" 209.610001 211.839996 209.100006 211.610001 2203300 202.497375
"2021-05-05" 212.649994 213.660004 211.679993 212.410004 2509000 203.262924
"2021-05-06" 213.660004 213.919998 211.940002 213 2226000 203.827499
"2021-05-07" 213.289993 215.389999 212.809998 214.710007 2298500 205.463867
"2021-05-10" 215.509995 217.389999 213.720001 214.029999 3092700 204.813141
"2021-05-11" 212.520004 212.759995 206.949997 209.240005 3297100 200.229431
"2021-05-12" 207.960007 208.679993 202.759995 202.960007 3857300 194.219879
"2021-05-13" 204.220001 210.130005 203.889999 208.610001 3132300 199.626556
"2021-05-14" 210.210007 212.259995 209.429993 211.160004 2650300 202.066757
"2021-05-17" 212.839996 213.639999 209.360001 210.020004 2583700 200.975845
"2021-05-18" 211.210007 211.679993 206.210007 206.429993 4794900 198.182098
"2021-05-19" 210.309998 219.820007 209.800003 219.009995 13378700 210.259491
"2021-05-20" 218.279999 222.800003 217.070007 221.789993 7086300 212.928406
"2021-05-21" 222.210007 227.080002 221.860001 225.089996 5084800 216.096527
"2021-05-24" 226.339996 228.5 225.330002 225.410004 3821000 216.403763
"2021-05-25" 225.550003 227.270004 223.259995 225.300003 4103000 216.298157
"2021-05-26" 226.169998 227.949997 225.990005 227.110001 3186800 218.035828
"2021-05-27" 227.929993 228.839996 226.050003 227.369995 6623100 218.285446
"2021-05-28" 228 228.350006 226.179993 226.919998 2632400 217.853424
"2021-06-01" 227.559998 228.789993 226.050003 227.270004 3426400 218.189468
"2021-06-02" 226.410004 229.139999 226.149994 228.380005 3331400 219.255096
"2021-06-03" 228.339996 230.229996 227.009995 229.179993 3155400 220.023148
"2021-06-04" 230.199997 231.610001 228.710007 231.339996 3085100 222.096817
"2021-06-07" 231.5 232.660004 230.389999 230.889999 2221700 221.66478
"2021-06-08" 234.270004 236.360001 232.550003 235.100006 3441700 225.706573
"2021-06-09" 234.600006 236.800003 231.889999 231.940002 3372900 222.672882
"2021-06-10" 231.660004 233.699997 231.399994 231.660004 2579400 222.404053
"2021-06-11" 231.789993 232.979996 231.789993 232.940002 2510200 223.632904
"2021-06-14" 233.160004 233.5 231.550003 233.070007 2904200 223.757721
"2021-06-15" 233.009995 233.009995 230.75 232.570007 2518000 223.277679
"2021-06-16" 232.699997 233 229.559998 231.259995 2767600 222.020035
"2021-06-17" 230.550003 232.929993 229.830002 231.220001 2826600 221.981628
"2021-06-18" 229.860001 231.369995 228.009995 230.529999 4481400 221.319183
"2021-06-21" 231.410004 234.039993 231.25 233.770004 3049700 224.429733
"2021-06-22" 234.490005 237.860001 233.880005 237.210007 2901400 227.7323
"2021-06-23" 236.869995 237.970001 235.839996 237.309998 2246400 227.828278
"2021-06-24" 239.440002 239.869995 238.320007 239.839996 2141900 230.257187
"2021-06-25" 240.009995 241.740005 239.789993 240.550003 5987500 230.938843
"2021-06-28" 240.899994 242.240005 239.779999 241.259995 2062900 231.620453
"2021-06-29" 241.259995 243.460007 241.009995 241.850006 2089600 232.186905
"2021-06-30" 241.789993 242.949997 240.800003 241.740005 2773200 232.081299
"2021-07-01" 241.960007 243.529999 241.130005 243.470001 2125300 233.742203
"2021-07-02" 244.5 246.979996 244.210007 246.580002 2178900 236.727921
"2021-07-06" 246.5 247.339996 242.949997 245.449997 2305000 235.643051
"2021-07-07" 245.610001 248.399994 245.529999 247.550003 2035800 237.65918
"2021-07-08" 245.320007 248.960007 245.050003 248.580002 2292700 238.64801
"2021-07-09" 248.679993 250.75 247.380005 248.580002 2702500 238.64801
"2021-07-12" 249.5 252.470001 249.119995 252.240005 3056900 242.161774
"2021-07-13" 250.5 253.440002 250.5 251.75 2392900 241.69133
"2021-07-14" 252.600006 254.050003 251.610001 253.630005 2578700 243.496231
"2021-07-15" 253.699997 254.529999 252.029999 252.929993 2646200 242.824203
"2021-07-16" 253.899994 254.050003 250.860001 251.149994 3415900 241.115311
"2021-07-19" 249.779999 251.820007 248.539993 251.119995 3187300 241.086517
"2021-07-20" 251.100006 256.380005 249.690002 254.710007 2805200 244.533096
"2021-07-21" 255.25 256.429993 254.300003 256.049988 2262500 245.819534
"2021-07-22" 257.399994 257.790009 254.979996 257.01001 2472200 246.74118
"2021-07-23" 257.779999 261.109985 257.529999 261.029999 2016900 250.600571
"2021-07-26" 260.880005 262.380005 259.089996 260.859985 2338000 250.437378
"2021-07-27" 260 260.26001 255.690002 258.359985 3036100 248.037247
"2021-07-28" 257.290009 258.859985 256.380005 257.420013 2810500 247.134827
"2021-07-29" 258.190002 261.839996 257.380005 261.660004 3055000 251.205414
"2021-07-30" 260.73999 263.459991 258.730011 261.049988 2806600 250.619766
"2021-08-02" 262.079987 262.309998 254.800003 257.23999 3174900 246.96199
"2021-08-03" 258.109985 263.299988 257.959991 262.200012 2545000 251.723801
"2021-08-04" 261.200012 262.890015 260.23999 260.529999 2397200 250.120544
"2021-08-05" 261.769989 262.709991 259.980011 261.399994 2202900 250.955795
"2021-08-06" 261.929993 262.98999 259.339996 260.089996 2441900 249.69812
"2021-08-09" 260.100006 262.790009 260.079987 262.410004 2508800 251.925415
"2021-08-10" 262.970001 265.75 262.01001 264.070007 3369800 253.51915
"2021-08-11" 264.549988 267.059998 262.450012 263.01001 2939000 252.501465
"2021-08-12" 263.950012 264.600006 261.049988 261.880005 2266400 251.416626
"2021-08-13" 262.690002 263.700012 260.619995 261.540009 3070400 251.090179
"2021-08-16" 260.089996 263.48999 256.75 263.149994 3397400 252.635864
"2021-08-17" 260.450012 260.450012 252.050003 254.649994 6620500 245.314468
"2021-08-18" 248.990005 255.789993 246.25 247.580002 8908000 238.503662
"2021-08-19" 244.529999 249.529999 244.399994 245.410004 5067600 236.413208
"2021-08-20" 246.669998 253.979996 246.619995 253.399994 4146100 244.110306
"2021-08-23" 254.259995 255.220001 252.339996 252.529999 2952900 243.272202
"2021-08-24" 253.5 253.5 250.279999 250.649994 2466600 241.461105
"2021-08-25" 250.5 252.259995 249.410004 251.149994 2438100 241.942795
"2021-08-26" 250.429993 250.509995 247.300003 248.960007 2919900 239.833099
"2021-08-27" 248.149994 250.470001 247.679993 249.179993 2661100 240.045013
"2021-08-30" 249.210007 251.380005 249.149994 249.360001 2092700 240.218414
"2021-08-31" 249.149994 249.600006 245.419998 246.979996 3966000 237.925674
"2021-09-01" 247 247.550003 244.259995 246.369995 2862700 237.338028
"2021-09-02" 246.330002 246.960007 245.149994 245.809998 2523300 236.798553
"2021-09-03" 245.089996 245.179993 243 244.309998 3351700 235.353546
"2021-09-07" 243.919998 244.589996 241.589996 242.720001 2725200 233.821838
"2021-09-08" 242.729996 246.190002 242.389999 246.110001 2843300 237.08757
"2021-09-09" 245.970001 247.320007 244.619995 245.440002 2474600 236.442108
"2021-09-10" 247.210007 247.699997 244.190002 244.539993 1945600 235.575104
"2021-09-13" 245.5 246.25 241.600006 243.100006 2872000 234.187912
"2021-09-14" 243.389999 244.410004 241.779999 242.240005 1905800 233.359436
"2021-09-15" 242.330002 244.860001 241.800003 244.139999 1953000 235.189789
"2021-09-16" 245.229996 247.5 244.75 246.949997 2171400 237.896744
"2021-09-17" 245.449997 248.529999 245.449997 246.669998 3735900 237.627029
"2021-09-20" 243.479996 246.169998 239.559998 242.139999 3329100 233.263123
"2021-09-21" 242.839996 245.059998 241.240005 241.309998 1960300 232.463516
"2021-09-22" 242.369995 243.380005 239.720001 241.770004 2285900 232.906662
"2021-09-23" 243.5 245.169998 242.440002 242.669998 2038600 233.773666
"2021-09-24" 241.330002 242.809998 240.380005 241.440002 1901400 232.588776
"2021-09-27" 240.25 242.339996 237.869995 238.580002 2588400 229.833603
"2021-09-28" 236.899994 237.360001 232.860001 233.440002 3173900 224.882034
"2021-09-29" 234.570007 237.619995 233.809998 235.850006 2655500 227.203705
"2021-09-30" 235.880005 235.880005 228.130005 228.770004 5425400 220.38324
"2021-10-01" 229.25 229.490005 223.850006 228.419998 3476400 220.046082
"2021-10-04" 227.929993 229 222.880005 225.889999 3816400 217.608826
"2021-10-05" 227.059998 229.509995 225.660004 227.559998 2407300 219.217606
"2021-10-06" 226.149994 227.539993 224.779999 226.830002 2789100 218.514359
"2021-10-07" 228.550003 231.5 228.399994 229.820007 2352000 221.39476
"2021-10-08" 230.050003 231.720001 228.320007 228.899994 2004900 220.508469
"2021-10-11" 228.570007 231.25 228.339996 228.720001 1998600 220.335068
"2021-10-12" 230 231.399994 228.5 230.240005 2167400 221.799347
"2021-10-13" 231.5 236.770004 230.520004 236.75 3984700 228.070694
"2021-10-14" 238.800003 243.800003 236.229996 242.089996 4281700 233.214935
"2021-10-15" 243.300003 247.350006 242.149994 245.710007 3626900 236.702225
"2021-10-18" 244.949997 253.740005 244.539993 253.649994 4365800 244.351135
"2021-10-19" 254.529999 256.950012 251.800003 252.190002 3204800 242.944672
"2021-10-20" 254.309998 254.740005 251.309998 251.830002 2209300 242.597839
"2021-10-21" 251.619995 254.240005 251.399994 254.210007 1758400 244.89061
"2021-10-22" 255.479996 257.410004 254.589996 255.929993 2205700 246.547562
"2021-10-25" 256.820007 261 256.100006 260.350006 2488400 250.805557
"2021-10-26" 261.399994 261.51001 257.51001 258.730011 2439700 249.244904
"2021-10-27" 258.940002 259.390015 255.720001 256.540009 2269700 247.135208
"2021-10-28" 258.26001 260.149994 257.529999 258.220001 1735200 248.753601
"2021-10-29" 256.51001 259.779999 256.51001 259.619995 2417800 250.102264
"2021-11-01" 261.549988 261.799988 257.48999 257.920013 1718100 248.464645
"2021-11-02" 259.029999 261.200012 258.540009 260.26001 2228000 250.718842
"2021-11-03" 258.700012 260.649994 256.720001 260.410004 2397300 250.863327
"2021-11-04" 260.660004 262.51001 259.420013 260.440002 3031000 250.892227
"2021-11-05" 261 261.23999 252.809998 254.270004 4060300 244.94841
"2021-11-08" 253.25 256.100006 252.029999 253.330002 2523100 244.042862
"2021-11-09" 252.779999 255.419998 252.570007 255.160004 2346800 245.805771
"2021-11-10" 254.029999 256 252.649994 254.050003 2093100 244.736481
"2021-11-11" 254.270004 256.579987 253.699997 256.01001 2199400 246.624664
"2021-11-12" 257.380005 261.869995 256.679993 260.019989 2497600 250.487595
"2021-11-15" 262.790009 268.980011 261.399994 264.329987 4852400 254.639603
"2021-11-16" 263 267.529999 262.73999 266.390015 4355800 257.500885
"2021-11-17" 253.990005 257.170013 251.470001 253.800003 11855900 245.330963
"2021-11-18" 256.089996 256.640015 249.649994 252.050003 5786300 243.639359
"2021-11-19" 251.100006 253.880005 250.410004 250.699997 3960900 242.334396
"2021-11-22" 251.429993 251.679993 241.210007 244.570007 5568900 236.408951
"2021-11-23" 245.649994 249.720001 243.429993 249.179993 4053400 240.865112
"2021-11-24" 247.899994 249.619995 246.119995 248.759995 3052000 240.459137
"2021-11-26" 248.690002 251.460007 245.779999 246.570007 3180900 238.342224
"2021-11-29" 248.539993 251.580002 247.009995 249.160004 3027600 240.845795
"2021-11-30" 246.360001 246.990005 242.240005 243.839996 7907900 235.703308
"2021-12-01" 245.679993 248.399994 240.229996 240.389999 3851600 232.368439
"2021-12-02" 241.889999 246.619995 241.389999 245.5 3684000 237.307907
"2021-12-03" 246.729996 248.410004 245.309998 247.570007 4838700 239.308868
"2021-12-06" 248.460007 248.850006 242.320007 242.970001 3772600 234.86235
"2021-12-07" 244.630005 246.229996 243.669998 245.630005 3565900 237.433578
"2021-12-08" 246.740005 247.330002 238.199997 239.600006 4929400 231.604813
"2021-12-09" 239.110001 239.699997 235.830002 237.559998 2762200 229.632874
"2021-12-10" 237.160004 239.75 236.690002 238.179993 2487200 230.232178
"2021-12-13" 237.919998 238.520004 232.399994 234.169998 3783500 226.356003
"2021-12-14" 230.910004 236.160004 230.910004 235.279999 3364800 227.428955
"2021-12-15" 233.600006 236.820007 231.550003 236.649994 3433500 228.75322
"2021-12-16" 235.960007 236.649994 224.490005 224.779999 7302100 217.279343
"2021-12-17" 224.830002 226.289993 221.470001 223.309998 5832300 215.858383
"2021-12-20" 221.029999 221.5 214.600006 219.190002 5233200 211.875854
"2021-12-21" 219.880005 220.779999 216.479996 220.070007 3975700 212.726517
"2021-12-22" 219.800003 221.279999 217 217.740005 4182600 210.474243
"2021-12-23" 218.550003 222.139999 218.289993 221.009995 3345300 213.635101
"2021-12-27" 222.100006 224.690002 220.860001 224.100006 4335600 216.622025
"2021-12-28" 224.449997 227.5 223.639999 224.910004 3202400 217.404984
"2021-12-29" 225.369995 229.570007 225.369995 227.919998 3065800 220.314545
"2021-12-30" 228.800003 233.869995 228.800003 231.910004 4007400 224.171432
"2021-12-31" 232.770004 233.619995 229.220001 231.440002 2485100 223.717102
"2022-01-03" 231.070007 232.279999 228.759995 231.949997 3018000 224.210052
"2022-01-04" 232.009995 235.639999 231.570007 234.169998 3327600 226.356003
"2022-01-05" 234.809998 236.330002 228.770004 228.860001 3885800 221.22319
"2022-01-06" 222.740005 232.660004 222.740005 231.350006 4193200 223.630112
"2022-01-07" 230.179993 233.199997 229.100006 230.779999 3052900 223.079117
"2022-01-10" 228.529999 228.639999 223.020004 227.419998 4858100 219.831238
"2022-01-11" 228.089996 228.710007 224 227.550003 3048900 219.956909
"2022-01-12" 228.190002 230.139999 224.100006 224.470001 4233300 216.97966
"2022-01-13" 225.279999 226.800003 223.75 225.830002 3459000 218.294312
"2022-01-14" 222.419998 224.300003 218.389999 221.399994 5282600 214.012115
"2022-01-18" 218.779999 220.949997 217.279999 220.009995 4652500 212.668488
"2022-01-19" 221.75 228.300003 220.639999 223.839996 4091200 216.370682
"2022-01-20" 225.020004 229.309998 221.139999 221.720001 4307900 214.321442
"2022-01-21" 220 220.889999 214.220001 217.25 7859300 210.000595
"2022-01-24" 215.389999 221.029999 211.919998 220.580002 5617700 213.219467
"2022-01-25" 218.360001 218.679993 212.910004 214.679993 4929100 207.516357
"2022-01-26" 215.619995 217.169998 210.380005 211.710007 4207500 204.645447
"2022-01-27" 215.330002 217.320007 211.389999 212.179993 4004300 205.099792
"2022-01-28" 214.289993 217.789993 210.520004 217.669998 2906200 210.40657
"2022-01-31" 216.910004 220.729996 216.330002 220.429993 4151100 213.074478
"2022-02-01" 221.990005 222.520004 216.330002 219.229996 4117400 211.91452
"2022-02-02" 218.259995 220.089996 215.330002 217.610001 4588500 210.348587
"2022-02-03" 214.25 218.320007 212.570007 213.220001 6357800 206.105072
"2022-02-04" 214.119995 215.5 210.539993 214.039993 3754700 206.897705
"2022-02-07" 214.729996 215.160004 210.300003 211.289993 4402800 204.239471
"2022-02-08" 211.080002 214.660004 210.649994 212.949997 2926600 205.844086
"2022-02-09" 214.990005 217.179993 214.050003 216.639999 2562700 209.410965
"2022-02-10" 214.380005 217.5 212.710007 213.839996 3038100 206.704376
"2022-02-11" 214.160004 214.75 210.789993 211.559998 2852400 204.500473
"2022-02-14" 211.190002 211.5 205.710007 208.570007 4066700 201.610245
"2022-02-15" 209.320007 209.320007 205.800003 207.179993 4739300 201.134537
"2022-02-16" 206.880005 208.850006 204.800003 207.809998 3340600 201.746155
"2022-02-17" 206.589996 206.949997 203.869995 204 3865900 198.047333
"2022-02-18" 204.520004 206.630005 203.479996 204.389999 3321700 198.425949
"2022-02-22" 202.630005 203.179993 194.5 196.350006 5621300 190.620575
"2022-02-23" 196.899994 197.869995 189.610001 189.899994 4471300 184.358765
"2022-02-24" 184.490005 191.759995 184 191.550003 3917700 185.960617
"2022-02-25" 191.509995 199.5 191.320007 199.220001 4098500 193.406799
"2022-02-28" 197.360001 201.179993 195.839996 199.770004 6192200 193.94075
"2022-03-01" 226.830002 227.100006 218.550003 219.429993 15776100 213.027069
"2022-03-02" 222 226.119995 218.660004 224.899994 6357700 218.337463
"2022-03-03" 226.119995 229.190002 222.369995 223.839996 4604600 217.308395
"2022-03-04" 222.729996 225.089996 221.639999 224.100006 3996100 217.560822
"2022-03-07" 224.100006 224.610001 210.570007 211.039993 5743400 204.881897
"2022-03-08" 211.229996 213.910004 206.699997 208.809998 4463200 202.716965
"2022-03-09" 213.720001 218.419998 213.440002 216 3183200 209.697174
"2022-03-10" 213.600006 215.479996 210.080002 214.779999 3155300 208.512772
"2022-03-11" 215.660004 216.529999 206.800003 206.970001 4042600 200.930649
"2022-03-14" 208.210007 210.910004 204.949997 208.759995 3168500 202.668442
"2022-03-15" 210.509995 216.199997 210.509995 215.350006 2866700 209.066132
"2022-03-16" 216.929993 218.699997 211.740005 215.589996 3029800 209.299118
"2022-03-17" 215 220.899994 214.479996 220.630005 3655400 214.192078
"2022-03-18" 218.889999 226.139999 218.080002 226.050003 6544800 219.453918
"2022-03-21" 226.029999 228.460007 221.320007 223 3023500 216.492905
"2022-03-22" 223.710007 224.630005 221.75 222.770004 2464000 216.269623
"2022-03-23" 222.270004 222.729996 215.940002 216.720001 2993500 210.396164
"2022-03-24" 217.029999 218.710007 216.160004 217.039993 2240400 210.706802
"2022-03-25" 218.050003 219.929993 216.330002 218.610001 2465700 212.230988
"2022-03-28" 218.059998 219.520004 216.449997 219.520004 2212000 213.114456
"2022-03-29" 222 224.570007 220.199997 222.929993 3072200 216.424942
"2022-03-30" 221.669998 223.690002 220.630005 221.960007 2464900 215.483276
"2022-03-31" 218.330002 220.199997 212.059998 212.220001 4615500 206.027451
"2022-04-01" 213.320007 214.130005 209.610001 210.539993 3217100 204.3965
"2022-04-04" 210.190002 214.610001 206.190002 214.410004 3167000 208.153564
"2022-04-05" 213.490005 218.369995 213.179993 214.789993 2538500 208.522461
"2022-04-06" 211.669998 217.089996 211 215.940002 3678500 209.638916
"2022-04-07" 219 229.809998 218.429993 228.190002 7938100 221.531479
"2022-04-08" 233 236.070007 230.619995 233.339996 6631200 226.531174
"2022-04-11" 233.259995 235.960007 228.910004 229.309998 3172200 222.618774
"2022-04-12" 232.300003 235.410004 230.389999 231.339996 3366600 224.589539
"2022-04-13" 230.300003 235.190002 229.509995 233.820007 2451300 226.997192
"2022-04-14" 233.910004 238.190002 233.110001 237.199997 3909700 230.278564
"2022-04-18" 235.539993 241.259995 235.080002 239.389999 3341800 232.404663
"2022-04-19" 240.309998 247.199997 239.470001 246.050003 4715700 238.870316
"2022-04-20" 248.619995 250.970001 246.440002 249.320007 3735500 242.044907
"2022-04-21" 250.850006 254.869995 247.610001 248.169998 3967700 240.928436
"2022-04-22" 246.550003 247.199997 241.429993 241.679993 3431300 234.627823
"2022-04-25" 239.990005 242.919998 238.270004 241.660004 3265100 234.608429
"2022-04-26" 239.559998 242.5 236.410004 236.5 2915500 229.598999
"2022-04-27" 236.449997 237.529999 230.470001 230.970001 2995300 224.230347
"2022-04-28" 234.429993 237.619995 230.779999 236.389999 2317800 229.492188
"2022-04-29" 234.490005 235.830002 228.210007 228.649994 3220700 221.978027
"2022-05-02" 230.149994 233 225.160004 229.779999 3049000 223.075089
"2022-05-03" 231.039993 234.490005 229.5 232.539993 3027600 225.754532
"2022-05-04" 231.850006 238.589996 229.139999 237.429993 3256300 230.501862
"2022-05-05" 235.610001 235.860001 228.300003 230.759995 3466500 224.026459
"2022-05-06" 225.850006 229.660004 222.649994 225.210007 3683300 218.638428
"2022-05-09" 223.199997 228.179993 222.320007 224.199997 4672300 217.657883
"2022-05-10" 226.589996 228.75 216.690002 219.110001 3748000 212.716415
"2022-05-11" 219.399994 220.919998 212.380005 213.490005 3193600 207.260406
"2022-05-12" 213.360001 220.820007 213.059998 217.270004 3547400 210.930115
"2022-05-13" 219.990005 223.300003 217.809998 219.729996 3146700 213.318329
"2022-05-16" 220.110001 221.649994 216.270004 219.25 3345600 212.852341
"2022-05-17" 210.630005 215.580002 209.130005 215.279999 6641600 209.859619
"2022-05-18" 163.070007 168 155.199997 161.610001 50936800 157.540955
"2022-05-19" 161.270004 161.429993 151.279999 153.429993 23319000 149.56691
"2022-05-20" 153.619995 155.800003 150.889999 155.360001 12300200 151.448303
"2022-05-23" 154.990005 156.110001 153.279999 153.899994 7700100 150.025055
"2022-05-24" 151.580002 152.089996 145.509995 149.949997 10936600 146.174545
"2022-05-25" 150.240005 156.979996 149.520004 156.419998 8107700 152.481628
"2022-05-26" 157.979996 163.330002 157.850006 163.199997 7369700 159.090912
"2022-05-27" 163.240005 167.199997 163.199997 167.139999 6315500 162.931702
"2022-05-31" 166.509995 166.789993 161.429993 161.880005 8942100 157.804153
"2022-06-01" 161.880005 163.160004 156.479996 156.520004 4480900 152.579117
"2022-06-02" 156.559998 161.059998 156.080002 160.910004 4366000 156.858566
"2022-06-03" 159.190002 162.860001 159 161.039993 4187700 156.985291
"2022-06-06" 161.399994 162.050003 158.75 159.669998 3772300 155.64978
"2022-06-07" 148 157.949997 147.149994 155.979996 33299700 152.052704
"2022-06-08" 154.429993 159.630005 153.350006 156.699997 6576000 152.754578
"2022-06-09" 156.75 158.289993 154.490005 154.550003 5744300 150.658722
"2022-06-10" 151.509995 152.720001 149.630005 149.669998 5099600 145.901581
"2022-06-13" 146.529999 147.389999 143.869995 144.809998 5886000 141.16394
"2022-06-14" 144.880005 146.429993 141.289993 142.699997 5200800 139.107056
"2022-06-15" 142.520004 149.270004 142.110001 147.440002 6353100 143.727737
"2022-06-16" 144.919998 147.080002 142.009995 142.889999 5630300 139.292297
"2022-06-17" 141.080002 141.800003 138.580002 139.300003 10928100 135.792679
"2022-06-21" 141.550003 145.699997 140.850006 144.699997 6555500 141.056717
"2022-06-22" 143.190002 144.320007 140.240005 140.809998 4639700 137.264633
"2022-06-23" 141.820007 147.300003 140.830002 146.809998 5211100 143.113586
"2022-06-24" 147.169998 151 146.479996 150.419998 6993100 146.632675
"2022-06-27" 151.160004 151.929993 148.029999 149.610001 3607200 145.843094
"2022-06-28" 150.440002 151.309998 144.330002 144.520004 4131800 140.881241
"2022-06-29" 144.210007 144.490005 141.320007 141.899994 4238900 138.327209
"2022-06-30" 140.179993 143.229996 137.160004 141.229996 5899900 137.674072
"2022-07-01" 140.759995 142.5 139.5 142.380005 3010200 138.79512
"2022-07-05" 141.410004 146.059998 139.300003 145.710007 3715100 142.041275
"2022-07-06" 145.460007 146.080002 143.029999 144.809998 2828500 141.16394
"2022-07-07" 145.779999 150.130005 145.240005 149.960007 3959500 146.184296
"2022-07-08" 149.889999 150.029999 147.460007 147.990005 2544900 144.26387
"2022-07-11" 147.990005 148.710007 145.789993 146.389999 2050800 142.704163
"2022-07-12" 146.660004 149.660004 143.600006 144.559998 3132800 140.920227
"2022-07-13" 142.660004 147.330002 142.229996 145.440002 2769000 141.778076
"2022-07-14" 143.539993 146.550003 142.919998 146.289993 2976000 142.606674
"2022-07-15" 147.919998 148.679993 145.850006 146.669998 3831500 142.977097
"2022-07-18" 148.550003 152.779999 147.779999 149.360001 4362700 145.599396
"2022-07-19" 151.350006 153.539993 149.759995 153.360001 3155900 149.498657
"2022-07-20" 153.800003 156.610001 152.210007 156.5 3248100 152.559616
"2022-07-21" 156.479996 158.75 154.990005 158.660004 3105200 154.665237
"2022-07-22" 159.350006 160.789993 156.630005 157.740005 2779800 153.768402
"2022-07-25" 158.399994 158.479996 156.610001 157.490005 2328000 153.524673
"2022-07-26" 149.729996 152.619995 149.5 151.809998 4620000 147.987701
"2022-07-27" 153 155.839996 150.800003 154.600006 3609300 150.707458
"2022-07-28" 155.100006 160.059998 154.669998 159.419998 3114000 155.406082
"2022-07-29" 160 164.039993 158.529999 163.380005 5523000 159.266388
"2022-08-01" 168.639999 169.110001 165.350006 165.550003 4534700 161.381744
"2022-08-02" 164.520004 166.330002 163.289993 163.479996 3109400 159.363876
"2022-08-03" 164.380005 169.649994 164.380005 167.919998 4057000 163.692078
"2022-08-04" 167.630005 168.5 165.729996 166.559998 3157600 162.366318
"2022-08-05" 165.050003 166.899994 164.399994 166.130005 2205400 161.947144
"2022-08-08" 166.660004 170.990005 166.429993 166.970001 2806400 162.765991
"2022-08-09" 165.770004 166.080002 163.910004 165.119995 2608600 160.96257
"2022-08-10" 169.039993 172.929993 167.75 169.669998 4539900 165.39801
"2022-08-11" 171.070007 172.990005 168.880005 169.600006 4278800 165.329773
"2022-08-12" 171.070007 172.490005 170.050003 172.479996 2357300 168.137253
"2022-08-15" 171.830002 174.160004 170.199997 173.389999 3788600 169.024353
"2022-08-16" 177.110001 183.889999 175.559998 180.190002 9057600 176.754105
"2022-08-17" 174.160004 177.990005 170.830002 175.339996 13409000 171.996582
"2022-08-18" 173.979996 175.139999 171.580002 173.050003 4241300 169.750244
"2022-08-19" 171.830002 171.919998 166.789993 167.039993 5015800 163.854843
"2022-08-22" 165.070007 165.979996 161.360001 161.960007 4630100 158.871719
"2022-08-23" 161.940002 162.820007 160.149994 161.970001 3795100 158.881516
"2022-08-24" 162.070007 164.539993 159.720001 163.130005 3407100 160.019394
"2022-08-25" 162.630005 167.550003 161.600006 167.5 3071400 164.306076
"2022-08-26" 168.009995 168.119995 160.600006 160.619995 3607600 157.557251
"2022-08-29" 159.25 160.449997 158.160004 158.690002 2531100 155.664063
"2022-08-30" 158.699997 161.089996 157.179993 160.779999 3249700 157.714218
"2022-08-31" 161.25 161.309998 158.259995 160.339996 4901300 157.282593
"2022-09-01" 159.289993 164.899994 158.100006 164.839996 4021400 161.696793
"2022-09-02" 165.509995 166.339996 163.289993 164.600006 3563200 161.461365
"2022-09-06" 164.509995 164.789993 159.330002 163.580002 4530300 160.460815
"2022-09-07" 163.220001 171.720001 162.779999 170.789993 5206400 167.53331
"2022-09-08" 169.070007 172.210007 168.720001 171.899994 2817100 168.622162
"2022-09-09" 171.75 174.570007 171.539993 173.649994 3379500 170.338791
"2022-09-12" 175.110001 176.130005 173.139999 173.850006 3024600 170.534973
"2022-09-13" 170.050003 171.75 165.690002 166.240005 3585400 163.070099
"2022-09-14" 167.860001 168.880005 163.399994 165.380005 3618800 162.226501
"2022-09-15" 165.449997 168.990005 164.699997 165.009995 2909300 161.863541
"2022-09-16" 162.729996 165.639999 161.710007 164.089996 4843500 160.96109
"2022-09-19" 163 165.089996 162.029999 164.759995 2607200 161.618301
"2022-09-20" 163.300003 163.75 158.220001 160.029999 3019600 156.9785
"2022-09-21" 161 163.820007 159.029999 159.029999 2809500 155.997574
"2022-09-22" 158.240005 158.429993 152.639999 152.960007 3984700 150.043335
"2022-09-23" 151.949997 152.779999 149.710007 152.610001 3796600 149.699997
"2022-09-26" 151.559998 152.509995 147.369995 148.710007 3967800 145.874374
"2022-09-27" 150.470001 152.259995 146.860001 148.470001 2941400 145.638947
"2022-09-28" 149.539993 156.949997 149.309998 155.869995 4254000 152.897827
"2022-09-29" 154.199997 154.75 150.899994 151.789993 3170400 148.895615
"2022-09-30" 151.589996 152.229996 145.5 148.389999 4328300 145.560455
"2022-10-03" 149.669998 152.619995 148.389999 151.789993 2847500 148.895615
"2022-10-04" 154.699997 158.289993 154.339996 156.960007 3028600 153.967056
"2022-10-05" 155 157.550003 153.410004 156.410004 2491700 153.427536
"2022-10-06" 157.460007 159 155.479996 155.75 2603400 152.780121
"2022-10-07" 154.339996 154.520004 150.720001 152.339996 2771900 149.435135
"2022-10-10" 152.979996 153.880005 150.479996 153.100006 2055800 150.180664
"2022-10-11" 153.5 157.720001 152.710007 154.5 2408100 151.553955
"2022-10-12" 154.740005 157 154.039993 154.160004 2265100 151.220444
"2022-10-13" 151.210007 156.059998 148.869995 154.119995 3393900 151.181183
"2022-10-14" 154.479996 155.190002 145.190002 145.690002 4762800 142.911957
"2022-10-17" 147.740005 151 146.679993 149.25 3177400 146.404068
"2022-10-18" 155.529999 161.130005 155.009995 157.229996 5563400 154.231903
"2022-10-19" 157.190002 158.190002 154.130005 155.389999 2611500 152.426987
"2022-10-20" 155.979996 159.160004 153.419998 154.399994 3079800 151.455856
"2022-10-21" 154.539993 159.259995 154.300003 159.190002 3508300 156.154541
"2022-10-24" 160.300003 162.899994 159.630005 161.820007 2974100 158.734375
"2022-10-25" 162.800003 166.309998 161.990005 165.800003 4177900 162.638489
"2022-10-26" 167.839996 170.75 165.320007 166.770004 3453500 163.589981
"2022-10-27" 168.220001 170.300003 166.800003 166.899994 2957400 163.717499
"2022-10-28" 166.259995 167.940002 163.039993 167.520004 3066800 164.325699
"2022-10-31" 166 167.360001 164.020004 164.25 3792500 161.118042
"2022-11-01" 166.440002 166.979996 162.570007 164.589996 3051000 161.451538
"2022-11-02" 164.580002 165.889999 160.080002 160.199997 3377900 157.145264
"2022-11-03" 157.979996 160.789993 157.75 159.800003 3041600 156.752899
"2022-11-04" 162.410004 162.75 156.259995 159.630005 2653500 156.586136
"2022-11-07" 161.240005 161.410004 158 159.869995 2424100 156.821564
"2022-11-08" 161.320007 164.660004 159.809998 161.619995 3284600 158.538177
"2022-11-09" 161.080002 161.589996 152.5 152.990005 4018400 150.072754
"2022-11-10" 158.940002 164.550003 158.389999 164.380005 4962900 161.24556
"2022-11-11" 165.119995 174.830002 164.949997 173.320007 5828300 170.015091
"2022-11-14" 172.639999 176.800003 172.350006 173.259995 5753800 169.956238
"2022-11-15" 177 180.460007 176.899994 178.979996 8606000 176.668396
"2022-11-16" 149.850006 158.490005 148.75 155.470001 36731500 153.462051
"2022-11-17" 153.479996 162.179993 152.720001 162.009995 11300500 159.917587
"2022-11-18" 161.979996 164.699997 160 162.880005 7280900 160.776352
"2022-11-21" 161.080002 161.929993 156.770004 158.020004 5964700 155.979111
"2022-11-22" 158.789993 159.910004 155.75 157.860001 6364100 155.821182
"2022-11-23" 158.479996 164.139999 158.25 163.410004 4833500 161.2995
"2022-11-25" 163.5 163.960007 161.600006 163.380005 1883000 161.269897
"2022-11-28" 162.809998 166.889999 162.809998 165.369995 4624100 163.234177
"2022-11-29" 164.429993 166.970001 161.509995 166.369995 5231700 164.221268
"2022-11-30" 165.880005 167.229996 162.740005 167.070007 11376700 164.912231
"2022-12-01" 166.470001 167.429993 163.050003 165.029999 4989200 162.898575
"2022-12-02" 163.309998 164.860001 162.449997 164.160004 3442900 162.039825
"2022-12-05" 162.889999 162.889999 154.789993 154.929993 6233200 152.929016
"2022-12-06" 155.820007 156.679993 153.279999 155.050003 4721800 153.04747
"2022-12-07" 153.5 155.690002 153.389999 153.759995 3685200 151.774124
"2022-12-08" 154.039993 155.259995 153.169998 154.210007 3107100 152.218338
"2022-12-09" 153.410004 154.720001 152.119995 152.279999 2905900 150.313248
"2022-12-12" 150.5 150.679993 148.429993 150.029999 4433800 148.0923
"2022-12-13" 153.199997 154.100006 149.699997 150.869995 4178900 148.921448
"2022-12-14" 150.5 154.649994 150.139999 152.509995 3749100 150.540268
"2022-12-15" 149.860001 150 145.320007 147.600006 5415500 145.693695
"2022-12-16" 146.050003 147.660004 145.550003 146.449997 8367000 144.558533
"2022-12-19" 146.600006 147 143.559998 144.649994 4186700 142.781784
"2022-12-20" 142.899994 143.960007 142.449997 143.25 3175400 141.399872
"2022-12-21" 142.259995 144.190002 141.970001 142.300003 3510200 140.462158
"2022-12-22" 141.5 141.710007 139.679993 141.350006 3846500 139.524414
"2022-12-23" 140.860001 143.270004 139.880005 143.149994 2464800 141.301163
"2022-12-27" 143 146.279999 142.399994 145.550003 3112500 143.670166
"2022-12-28" 145.309998 147.220001 144.850006 145.800003 2623200 143.916946
"2022-12-29" 146.970001 149.660004 146.880005 148.369995 2829000 146.453751
"2022-12-30" 147.229996 149.080002 146.800003 149.039993 2391100 147.115097
"2023-01-03" 149.979996 152.639999 149.580002 151.729996 3685200 149.770355
"2023-01-04" 148.259995 154.320007 147.679993 152.720001 4443300 150.747574
"2023-01-05" 152.210007 154.509995 150.289993 154.259995 3266000 152.26767
"2023-01-06" 157.649994 161.059998 156.880005 160.149994 4944200 158.081589
"2023-01-09" 159.880005 160.369995 156.339996 156.350006 3853800 154.330688
"2023-01-10" 157.419998 157.539993 154.839996 155.970001 2554900 153.955597
"2023-01-11" 157.149994 159 155.899994 158.970001 3146800 156.916855
"2023-01-12" 160 160.25 156.479996 159.75 3222600 157.686783
"2023-01-13" 159.320007 164.929993 159.130005 164.600006 5161200 162.474136
"2023-01-17" 164.490005 165.690002 162.070007 162.100006 3527900 160.006424
"2023-01-18" 163.410004 165.190002 160.630005 160.830002 2798100 158.752823
"2023-01-19" 159.5 160.610001 157.529999 159.100006 2881300 157.045166
"2023-01-20" 159.630005 162.75 158.5 162.210007 3122000 160.115005
"2023-01-23" 162.210007 165.490005 161.350006 164.630005 2371400 162.503754
"2023-01-24" 169.820007 169.820007 163.259995 163.550003 1902000 161.437698
"2023-01-25" 162.5 164.210007 160.639999 164.210007 2248200 162.089172
"2023-01-26" 165.699997 167.100006 164.479996 167.029999 2079100 164.872757
"2023-01-27" 168 170.320007 166.789993 168.509995 3850300 166.333618
"2023-01-30" 167 169.589996 165.740005 168.679993 3453500 166.501419
"2023-01-31" 168.119995 172.220001 168.119995 172.139999 3716000 169.916748
"2023-02-01" 172.110001 177.679993 169.910004 177.080002 4022200 174.792953
"2023-02-02" 177.710007 181.699997 176.899994 181.020004 4003800 178.682068
"2023-02-03" 177.270004 179.070007 175.199997 176.759995 2941600 174.477081
"2023-02-06" 174.690002 175.380005 171.720001 173.839996 2642700 171.594788
"2023-02-07" 173.550003 175.440002 171.940002 174.759995 2256700 172.502899
"2023-02-08" 173.520004 173.970001 171.509995 171.789993 2037000 169.571274
"2023-02-09" 172.699997 174.020004 170.559998 171.369995 1656100 169.156693
"2023-02-10" 170.320007 171.199997 168.789993 170.020004 1841400 167.824142
"2023-02-13" 170.990005 173.5 170.330002 173.320007 2432600 171.081512
"2023-02-14" 171.550003 172.979996 168.839996 171.169998 2418400 170.018707
"2023-02-15" 170.009995 176.289993 169.949997 176.020004 2954400 174.83609
"2023-02-16" 174.199997 177.289993 173.770004 174.539993 2318700 173.366028
"2023-02-17" 173.350006 173.520004 170.889999 173.220001 2678100 172.054916
"2023-02-21" 169.520004 170.990005 166.169998 166.220001 4133600 165.102005
"2023-02-22" 165.600006 169.300003 165.199997 165.720001 2941000 164.605362
"2023-02-23" 165.899994 165.899994 161.869995 165.5 2718500 164.386841
"2023-02-24" 164.080002 167.429993 163 166.960007 2888800 165.837036
"2023-02-27" 168.669998 169.869995 165.479996 166.809998 5245000 165.688034
"2023-02-28" 168.729996 172.669998 167.100006 168.5 10669300 167.366669
"2023-03-01" 168.160004 168.399994 160.800003 162.399994 5835700 161.307693
"2023-03-02" 161.210007 165.990005 160.949997 165.940002 2829200 164.823883
"2023-03-03" 166.149994 166.210007 164.320007 166 2318600 164.883484
"2023-03-06" 166.589996 166.759995 164.520004 165.199997 2220900 164.088852
"2023-03-07" 165.830002 166.619995 162.580002 162.820007 2410800 161.724869
"2023-03-08" 162.899994 163.729996 162.169998 163.509995 1752700 162.410217
"2023-03-09" 164.309998 164.699997 160.470001 160.639999 1872200 159.559525
"2023-03-10" 160.270004 161.869995 157.509995 158.179993 2754200 157.116074
"2023-03-13" 156.320007 160.729996 156.229996 157.919998 2342500 156.857819
"2023-03-14" 159.770004 160.320007 156.550003 158.369995 2574200 157.304794
"2023-03-15" 156.330002 159.860001 156.100006 159.130005 2633900 158.059692
"2023-03-16" 157.550003 163.240005 157.229996 163.050003 2510100 161.953323
"2023-03-17" 162.729996 163.460007 158.289993 159.360001 13175000 158.288147
"2023-03-20" 159.369995 163.369995 159.259995 163.240005 2875800 162.142044
"2023-03-21" 164.229996 164.770004 161.479996 162.710007 2497200 161.615616
"2023-03-22" 162.899994 163.110001 157.369995 157.470001 2909900 156.410858
"2023-03-23" 158.75 159.240005 154.449997 156.119995 2791700 155.069931
"2023-03-24" 154.720001 156.570007 152.679993 156.220001 2703700 155.169266
"2023-03-27" 157.339996 160.039993 156.479996 159.380005 3078700 158.308014
"2023-03-28" 159.050003 161.259995 158.100006 159.770004 2910600 158.695389
"2023-03-29" 160.889999 161 155.919998 158.110001 4219400 157.046555
"2023-03-30" 159.800003 161.410004 159.669998 160.270004 2237400 159.192017
"2023-03-31" 161.5 165.830002 160.949997 165.630005 3094100 164.515976
"2023-04-03" 166.399994 167.960007 165.330002 166.059998 2744400 164.943069
"2023-04-04" 165.710007 167.020004 164.949997 166.050003 2350500 164.933151
"2023-04-05" 165.800003 166.990005 164.059998 165.240005 2762100 164.128601
"2023-04-06" 162.570007 165.839996 160.679993 165.580002 2552900 164.466309
"2023-04-10" 165.080002 169.679993 164.589996 169 2724400 167.863297
"2023-04-11" 169.710007 171.240005 169.380005 169.580002 2155500 168.439407
"2023-04-12" 170.460007 170.770004 163.190002 163.509995 3900300 162.410217
"2023-04-13" 164.039993 164.940002 161.699997 163.270004 2464600 162.171844
"2023-04-14" 163 165.470001 159.889999 161 2370100 159.917114
"2023-04-17" 161.509995 163.080002 161.240005 162.699997 2566500 161.605667
"2023-04-18" 162.949997 163.029999 161.990005 162.399994 2195400 161.307693
"2023-04-19" 160.75 162.850006 160.210007 162.509995 2183700 161.416946
"2023-04-20" 160.919998 162.490005 159.779999 160.279999 2809900 159.20195
"2023-04-21" 161.320007 164.529999 160.940002 162.179993 2743600 161.089172
"2023-04-24" 162.309998 164.199997 162.309998 163.940002 2313100 162.837341
"2023-04-25" 163.949997 164.110001 157.330002 157.610001 2723300 156.549911
"2023-04-26" 156.949997 158.610001 154.789993 155.449997 3077400 154.404434
"2023-04-27" 156.229996 158.600006 155.130005 158.149994 3037900 157.086273
"2023-04-28" 158.649994 159.660004 155.949997 157.75 3432600 156.688965
"2023-05-01" 157.679993 158.75 156.339996 157.119995 1964500 156.063202
"2023-05-02" 156.550003 156.800003 153.570007 155.720001 2277400 154.672623
"2023-05-03" 155.320007 158.619995 154.339996 154.570007 2385700 153.530365
"2023-05-04" 154.179993 154.5 150.869995 152.529999 2653600 151.504074
"2023-05-05" 154.490005 157.770004 154.169998 156.300003 2186900 155.248718
"2023-05-08" 156.479996 157.789993 155.649994 156.5 1495200 155.447372
"2023-05-09" 155.699997 157.860001 155.419998 157.419998 1886000 156.361191
"2023-05-10" 158.179993 159.300003 155.020004 157.729996 2804800 156.669098
"2023-05-11" 157.380005 159.309998 156.539993 158.869995 2832000 157.801437
"2023-05-12" 157.800003 159.300003 156.029999 157.990005 3361600 156.927353
"2023-05-15" 157.970001 160.789993 157.399994 160.570007 4055200 159.490005
"2023-05-16" 157.380005 160.850006 154.699997 156.910004 5805900 156.910004
"2023-05-17" 155.800003 162.839996 155.119995 160.960007 8387700 160.960007
"2023-05-18" 160.869995 161.619995 153.25 154.179993 7881600 154.179993
"2023-05-19" 154.899994 155.270004 150.929993 152.279999 4454700 152.279999
"2023-05-22" 151 152.740005 149.770004 151.910004 3717000 151.910004
"2023-05-23" 150.330002 151.330002 146.940002 147.160004 4374100 147.160004
"2023-05-24" 145.800003 145.889999 142.130005 143.100006 6738300 143.100006
"2023-05-25" 142.179993 142.199997 138.649994 140.75 7409500 140.75
"2023-05-26" 140.309998 140.479996 137.210007 138.929993 8100400 138.929993
"2023-05-30" 138.220001 138.889999 133.580002 133.839996 10931900 133.839996
"2023-05-31" 134.240005 135.259995 130.630005 130.929993 20234400 130.929993
"2023-06-01" 128.600006 132.029999 126.75 131.160004 13678400 131.160004
"2023-06-02" 131.240005 133.279999 130.559998 133.220001 7589100 133.220001
"2023-06-05" 131.669998 132.509995 129.720001 130.600006 7702900 130.600006
"2023-06-06" 130.100006 132.960007 129.929993 132.699997 6065200 132.699997
"2023-06-07" 132.029999 132.309998 131.009995 131.75 5504400 131.75
"2023-06-08" 131.5 132.770004 130.220001 131.270004 6162000 131.270004
"2023-06-09" 129.5 130.600006 126.949997 126.989998 9386000 126.989998
"2023-06-12" 127.300003 127.389999 125.080002 126.480003 8248400 126.480003
"2023-06-13" 127.5 129.399994 126.739998 128.720001 6916300 128.720001
"2023-06-14" 129.199997 134.529999 127.93 133.229996 14968700 133.229996
"2023-06-15" 135.110001 138.080002 134.600006 137.839996 10063100 137.839996
"2023-06-16" 138.059998 138.059998 133.639999 133.809998 9895800 133.809998
"2023-06-20" 133.119995 133.289993 131.419998 132.720001 5355200 132.720001
"2023-06-21" 132.360001 133.979996 131.330002 133.220001 3845500 133.220001
"2023-06-22" 133.440002 133.759995 131.429993 132.389999 4620600 132.389999
"2023-06-23" 131.009995 132.410004 130.320007 131.830002 6973100 131.830002
"2023-06-26" 132.350006 135.460007 132.339996 134.5 4831100 134.5
"2023-06-27" 133.199997 134.839996 132.410004 132.509995 6047600 132.509995
"2023-06-28" 132.699997 133.380005 131.880005 132.470001 4601900 132.470001
"2023-06-29" 132.479996 134.059998 131.770004 132.910004 6055200 132.910004
"2023-06-30" 133.809998 133.850006 131.130005 131.899994 7312200 131.899994
"2023-07-03" 131.589996 135.320007 131.589996 134.860001 4134600 134.860001
"2023-07-05" 134.240005 134.490005 132.490005 132.550003 5186900 132.550003
"2023-07-06" 131.880005 132.970001 130.429993 130.839996 4882300 130.839996
"2023-07-07" 130.5 132.220001 129.860001 130.050003 4251100 130.050003
"2023-07-10" 130.279999 131.860001 130.279999 131.740005 3831300 131.740005
"2023-07-11" 132.039993 134.300003 131.369995 133.389999 4094900 133.389999
"2023-07-12" 134.850006 135.410004 132.839996 132.910004 3758300 132.910004
"2023-07-13" 133.369995 134.300003 132.690002 132.820007 3077400 132.820007
"2023-07-14" 132.089996 132.679993 130.660004 130.919998 4119500 130.919998
"2023-07-17" 130.800003 130.830002 128.550003 130.009995 4731500 130.009995
"2023-07-18" 130.350006 131.970001 129.039993 130.809998 3786400 130.809998
"2023-07-19" 131.5 132.929993 130.880005 132.699997 3229200 132.699997
